0.06445513262352098 
0.06389337325512577 
0.06332907091671955 
0.06276380223727301 
0.062199143845756956 
0.06163667237114207 
0.06107796444239913 
0.06052459668849886 
0.059978145738412016 
0.05944018822110934 
0.05891230076556156 
0.058396060000739415 
0.05789304255561367 
0.05740482505915507 
0.056932984140334306 
0.05647909642812218 
0.0560447385514894 
0.05563148713940672 
0.0552409188208449 
0.05487461022477464 
0.05453413798016671 
0.05422107871599184 
0.05393700906122077 
0.05368350564482427 
0.05346214509577304 
0.05327450404303786 
0.05312215911558944 
0.05300668694239853 
0.0529296641524359 
0.05289266737467227 
0.05289727323807838 
0.052945058371624984 
0.053037599404282806 
0.053176472965022606 
0.05336325568281511 
0.05359952418663106 
0.05388685510544121 
0.0542268250682163 
0.05462101070392707 
0.05507098864154425 
0.05557833551003861 
0.05614462793838086 
0.05677144255554177 
0.05746035599049206 
0.05821294487220249 
0.059030785829643787 
0.0599154554917867 
0.06086853048760196 
0.061891587446060325 
0.06298619921412574 
0.06415290735301489 
0.06538982803428531 
0.06669472906104867 
0.06806537823641673 
0.06949954336350117 
0.07099499224541375 
0.07254949268526616 
0.07416081248617012 
0.07582671945123738 
0.07754498138357964 
0.07931336608630861 
0.08112964136253602 
0.0829915750153736 
0.08489693484793305 
0.08684348866332607 
0.08882900426466447 
0.09085124945505987 
0.09290799203762404 
0.09499699981546869 
0.09711604059170555 
0.0992628821694463 
0.10143529235180274 
0.10363103894188647 
0.10584788974280934 
0.108083612557683 
0.11033597518961916 
0.11260274544172957 
0.11488169111712596 
0.11717058001891999 
0.11946717995022346 
0.12176925871414804 
0.12407458411380544 
0.12638092395230743 
0.12868604603276568 
0.13098771815829197 
0.1332837081319979 
0.13557178375699536 
0.1378497128363959 
0.14011526317331136 
0.14236620257085345 
0.1446002988321338 
0.14681531976026427 
0.14900903315835642 
0.15117920682952213 
0.15332360857687297 
0.15544000620352072 
0.15752616751257717 
0.159579860307154 
0.1615988523903628 
0.16358091156531548 
0.16552380563512373 
0.16742530240289913 
0.1692831696717535 
0.17109517524479856 
0.17285908692514607 
0.17457267251590766 
0.17623369982019513 
0.17783993664112013 
0.17938915078179438 
0.1808791100453297 
0.18230758223483773 
0.18367233515343012 
0.1849711366042188 
0.18620175439031528 
0.18736195631483132 
0.18844951018087877 
0.18946218379156923 
0.19039774495001444 
0.19125396145932616 
0.19202860112261602 
0.19271943174299583 
0.19332466772443183 
0.193845332495676 
0.1942835389428027 
0.19464140234735108 
0.19492103799086002 
0.19512456115486856 
0.19525408712091574 
0.19531173117054057 
0.19529960858528206 
0.1952198346466792 
0.19507452463627098 
0.1948657938355964 
0.19459575752619448 
0.1942665309896043 
0.19388022950736478 
0.19343896836101487 
0.19294486283209372 
0.1924000282021403 
0.19180657975269355 
0.19116663276529253 
0.19048230252147622 
0.18975570430278368 
0.18898895339075386 
0.18818416506692587 
0.18734345461283852 
0.186468937310031 
0.18556272844004215 
0.1846269432844112 
0.18366369712467692 
0.1826751052423785 
0.1816632829190549 
0.1806303454362451 
0.17957840807548806 
0.17850958611832293 
0.17742599484628854 
0.176329749540924 
0.1752229654837683 
0.1741077579563605 
0.17298624224023948 
0.17186053361694442 
0.17073274736801414 
0.16960499877498775 
0.16847940311940426 
0.16735807568280267 
0.16624313174672198 
0.16513668659270123 
0.16404085550227931 
0.1629577537569954 
0.16188949663838836 
0.16083819942799726 
0.15980597740736113 
0.15879494585801893 
0.15780722006150966 
0.15684491529937242 
0.15591014685314608 
0.1550050300043698 
0.1541316800345824 
0.15329221222532308 
0.15248872328457896 
0.1517223405914439 
0.1509927670333483 
0.1502995916412044 
0.14964240344592483 
0.14902079147842198 
0.1484343447696084 
0.14788265235039658 
0.147365303251699 
0.1468818865044281 
0.14643199113949643 
0.14601520618781635 
0.14563112068030046 
0.1452793236478612 
0.1449594041214111 
0.1446709511318625 
0.1444135537101281 
0.1441868008871202 
0.14399028169375136 
0.14382358516093408 
0.14368630031958077 
0.14357801620060395 
0.14349832183491615 
0.14344680625342984 
0.14342305848705741 
0.1434266675667114 
0.14345722252330437 
0.1435143123877487 
0.14359752619095692 
0.14370645296384152 
0.14384068173731496 
0.1439998015422897 
0.14418340140967825 
0.14439107037039312 
0.1446223974553467 
0.1448769716954516 
0.1451543821216202 
0.14545421776476503 
0.14577606765579856 
0.14611952082563337 
0.14648416630518177 
0.14686959312535633 
0.1472753903170695 
0.14770114691123384 
0.14814645193876178 
0.14861089443056577 
0.14909406341755835 
0.14959554793065197 
0.15011493700075917 
0.1506518196587924 
0.15120578493566406 
0.1517764218622867 
0.15236331946957285 
0.15296606678843497 
0.15358425284978544 
0.1542174666845369 
0.1548652973236017 
0.15552733379789244 
0.15620316513832153 
0.15689238037580142 
0.1575945685412447 
0.15830931866556372 
0.15903621977967108 
0.15977486091447923 
0.16052483110090063 
0.16128571936984776 
0.16205711475223314 
0.16283860627896918 
0.16362978298096842 
0.1644302338891434 
0.1652395480344065 
0.1660573144476702 
0.16688312215984707 
0.16771656020184955 
0.16855721760459008 
0.1694046833989812 
0.1702585466159354 
0.1711183962863651 
0.17198382144118282 
0.1728544111113011 
0.1737297543276323 
0.174609440121089 
0.17549305752258365 
0.1763801955630287 
0.17727044327333666 
0.1781633896844201 
0.1790586238271914 
0.179955734732563 
0.1808543114314475 
0.18175394295475733 
0.182654218333405 
0.1835547265983029 
0.18445505678036367 
0.18535479791049958 
0.18625353901962333 
0.18715086913864726 
0.18804637729848397 
0.18893965162129814 
0.18983023424899217 
0.19071760057588216 
0.19160122075235658 
0.19248056492880403 
0.19335510325561317 
0.1942243058831725 
0.19508764296187062 
0.19594458464209602 
0.19679460107423746 
0.19763716240868331 
0.19847173879582228 
0.19929780038604292 
0.20011481732973369 
0.2009222597772834 
0.20171959787908042 
0.20250630178551332 
0.20328184164697086 
0.20404568761384145 
0.20479730983651376 
0.2055361784653763 
0.20626176365081758 
0.2069735355432264 
0.20767096429299114 
0.20835352005050034 
0.20902067296614274 
0.20967189319030688 
0.21030665087338127 
0.2109244161657545 
0.2115246592178151 
0.21210685017995182 
0.21267045920255298 
0.21321495643600735 
0.21373981203070352 
0.21424449613702992 
0.2147284789053752 
0.2151912304861279 
0.21563222102967664 
0.21605092068641002 
0.21644679960671656 
0.21681932794098482 
0.2171679758396034 
0.21749221345296085 
0.2177915109314459 
0.21806533842544687 
0.2183131660853525 
0.21853446406155133 
0.21872870250443194 
0.2188953515643829 
0.21903388139179275 
0.2191437621370501 
0.21922446395054354 
0.21927545698266165 
0.21929621138379296 
0.21928619730432608 
0.21924488489464958 
0.21917174430515207 
0.219066245686222 
0.21892785918824806 
0.21875605496161873 
0.21855030315672272 
0.21831007392394847 
0.21803483741368468 
0.21772406377631978 
0.21737722316224253 
0.21699378572184133 
0.21657322160550485 
0.2161150009636216 
0.21561859394658026 
0.2150834707047693 
0.21450910138857734 
0.21389495614839296 
0.21324050513460474 
0.21254521849760122 
0.21180856638777099 
0.2110300189555026 
0.2102090463511847 
0.2093451187252058 
0.20843770622795446 
0.20748627900981936 
0.2064903072211889 
0.20544926101245184 
0.20436261053399665 
0.20322982593621194 
0.20205037736948628 
0.20082373498420825 
0.19954936893076636 
0.1982267493595493 
0.19685534642094554 
0.19543463026534366 
0.1939640710431323 
0.19244313890470002 
0.19087130400043542 
0.18924803648072705 
0.18757280649596333 
0.1858450841965331 
0.1840643397328248 
0.1822300854313388 
0.18034390344631276 
0.17841034403901826 
0.17643418665232674 
0.17442021072910988 
0.1723731957122391 
0.170297921044586 
0.1681991661690221 
0.16608171052841897 
0.1639503335656481 
0.16180981472358105 
0.15966493344508934 
0.1575204691730445 
0.15538120135031816 
0.1532519094197817 
0.15113737282430675 
0.1490423710067649 
0.1469716834100276 
0.14493008947696645 
0.1429223686504529 
0.14095330037335854 
0.13902766408855494 
0.13715023923891362 
0.13532580526730606 
0.1335591416166039 
0.13185502772967858 
0.1302182430494017 
0.12865356701864472 
0.1271657790802793 
0.1257596586771769 
0.12443998525220902 
0.1232115382482473 
0.1220790971081632 
0.12104744127482828 
0.12012135019111404 
0.11930560329989218 
0.118604980044034 
0.1180242598664112 
0.11756822220989524 
0.11724164651735772 
0.11704931223167016 
0.11699599879570405 
0.11708648565233098 
0.11732555224442244 
0.11771797801485004 
0.11826854240648527 
0.11898149185107217 
0.11985552069362697 
0.12088602518898035 
0.12206835807821939 
0.12339787210243106 
0.12486992000270243 
0.1264798545201205 
0.1282230283957722 
0.1300947943707447 
0.13209050518612497 
0.13420551358300004 
0.1364351723024569 
0.13877483408558258 
0.1412198516734641 
0.14376557780718854 
0.1464073652278429 
0.1491405666765141 
0.15196053489428935 
0.15486262262225547 
0.15784218260149965 
0.16089456757310885 
0.16401513027817008 
0.16719922345777036 
0.17044219985299675 
0.17373941220493627 
0.1770862132546759 
0.1804779557433027 
0.1839099924119037 
0.18737767600156582 
0.19087635925337626 
0.1944013949084219 
0.19794813570778985 
0.20151193439256707 
0.20508814370384065 
0.2086721163826976 
0.21225920517022487 
0.21584476280750947 
0.21942414203563862 
0.2229926955956991 
0.22654577622877808 
0.23007873667596257 
0.23358692967833958 
0.2370657079769961 
0.24051042431301908 
0.24391643142749578 
0.24727908206151303 
0.2505937289561579 
0.25385572485251745 
0.25706042249167865 
0.26020317461472864 
0.26327933396275416 
0.2662842532768425 
0.26921328529808064 
0.2720617827675556 
0.2748250984263543 
0.27749858501556385 
0.2800775952762713 
0.2825574819495636 
0.2849336069748344 
0.2872032884975569 
0.2893682122488279 
0.29143065539281543 
0.2933928950936877 
0.29525720851561277 
0.29702587282275883 
0.29870116517929385 
0.3002853627493859 
0.3017807426972031 
0.3031895821869138 
0.30451415838268564 
0.3057567484486871 
0.3069196295490862 
0.30800507884805095 
0.3090153735097494 
0.30995279069834974 
0.31081960757802013 
0.3116181013129285 
0.3123505490672431 
0.31301922800513193 
0.31362641529076307 
0.3141743880883048 
0.314665423561925 
0.31510179887579187 
0.31548579119407344 
0.31581967768093794 
0.3161057355005533 
0.31634624181708787 
0.31654347379470943 
0.3166997085975863 
0.3168172233898864 
0.31689829533577796 
0.3169452015994291 
0.31696021934500784 
0.3169456257366823 
0.3169036979386207 
0.31683671311499084 
0.31674694842996115 
0.3166366810476994 
0.31650818813237397 
0.31636374684815277 
0.31620563435920407 
0.31603612782969576 
0.3158575044237961 
0.3156720413056732 
0.315482015639495 
0.3152897045894298 
0.31509738531964554 
0.31490733499431034 
0.31472183077759236 
0.3145431498336596 
0.3143735693266802 
0.3142153664208223 
0.314070818280254 
0.3139422020691434 
0.3138317949516585 
0.3137418740919675 
0.31367471665423846 
0.313632431466298 
0.31361540198484233 
0.31362299943561855 
0.31365458217857733 
0.31370950857366964 
0.313787136980846 
0.3138868257600574 
0.31400793327125454 
0.3141498178743882 
0.31431183792940925 
0.3144933517962684 
0.3146937178349165 
0.3149122944053044 
0.3151484398673827 
0.3154015125811023 
0.31567087090641394 
0.3159558732032686 
0.31625587783161674 
0.31657024315140947 
0.31689832752259733 
0.3172394893051312 
0.317593086858962 
0.3179584785440403 
0.31833502272031694 
0.3187220777477429 
0.31911900198626875 
0.31952515379584534 
0.31993989153642355 
0.3203625735679541 
0.3207925582503877 
0.3212292039436752 
0.32167186900776745 
0.3221199118026152 
0.32257269068816924 
0.32302956402438027 
0.3234898901711992 
0.32395302748857685 
0.3244183343364639 
0.32488516907481113 
0.3253528900635694 
0.3258208556626894 
0.32628842423212207 
0.32675495413181815 
0.3272198037217284 
0.32768233136180347 
0.3281418954119944 
0.3285978542322519 
0.3290495661825267 
0.3294963896227696 
0.3299376829129314 
0.33037280441296274 
0.33080111248281463 
0.331221965482438 
0.3316347217717833 
0.3320387397108014 
0.33243337765944314 
0.33281799397765943 
0.3331919470254008 
0.3335545951626182 
0.3339052967492625 
0.3342434101452843 
0.33456829371063446 
0.3348793058052637 
0.335175804789123 
0.335457149022163 
0.3357226968643346 
0.33597180667558846 
0.3362038368158754 
0.3364181456451462 
0.3366140915233518 
0.3367910328104428 
0.33694833711830263 
0.33708579974056213 
0.3372038144450344 
0.33730281962346353 
0.33738325366759453 
0.33744555496917195 
0.33749016191994047 
0.3375175129116445 
0.3375280463360288 
0.3375222005848379 
0.3375004140498166 
0.3374631251227094 
0.33741077219526083 
0.33734379365921563 
0.3372626279063184 
0.3371677133283137 
0.3370594883169462 
0.3369383912639604 
0.33680486056110115 
0.336659334600113 
0.33650225177274046 
0.3363340504707281 
0.33615516908582066 
0.33596604600976276 
0.33576711963429895 
0.3355588283511739 
0.3353416105521323 
0.3351159046289186 
0.3348821489732775 
0.3346407819769536 
0.3343922420316916 
0.3341369675292361 
0.33387539686133155 
0.33360796841972273 
0.33333512059615417 
0.33305729178237065 
0.33277492037011647 
0.33248844475113665 
0.3321983033171755 
0.3319049344599778 
0.331608776571288 
0.3313102680428511 
0.33100984726641114 
0.3307079526337132 
0.3304050225365018 
0.33010149536652134 
0.3297978095155167 
0.3294944033752324 
0.329191715337413 
0.3288901837938032 
0.32859024713614754 
0.3282923437561909 
0.3279969120456774 
0.327704390396352 
0.3274152171999594 
0.327129830848244 
0.3268486697329505 
0.3265721722458235 
0.3263007767786077 
0.32603492172304754 
0.3257750454708878 
0.325521586413873 
0.32527498294374796 
0.32503567345225703 
0.3248040963311449 
0.3245806899721564 
0.32436589276703565 
0.3241601431075278 
0.3239638793853773 
0.32377753999232867 
0.3236015633201266 
0.32343638776051564 
0.3232824517052405 
0.32314019354604573 
0.32301005167467606 
0.3228924644828759 
0.32278787036239004 
0.3226967077049631 
0.32261941490233964 
0.3225564303462643 
0.32250819242848155 
0.3224751395407363 
0.32245771007477286 
0.3224563424223361 
0.32247147497517054 
0.3225035461250208 
0.3225529942636314 
0.32262025778274717 
0.32270577507411247 
0.32280998452947207 
0.32293332454057067 
0.32307623349915265 
0.3232391497969629 
0.32342251182574583 
0.32362675797724616 
0.3238523266432085 
0.3240996562153773 
0.3243691850854975 
0.3246613516453134 
0.3249765942865699 
0.3253153514010115 
0.3256780613803826 
0.32606516261642815 
0.3264770935008926 
0.3269142924255207 
0.3273771977820568 
0.3278662479622458 
0.3283818813578321 
0.3289245363605605 
0.3294946513621755 
0.3300926373105707 
0.3307183871457793 
0.33137133183165923 
0.3320508861406123 
0.3327564648450396 
0.3334874827173428 
0.3342433545299231 
0.3350234950551823 
0.33582731906552155 
0.3366542413333425 
0.3375036766310465 
0.33837503973103483 
0.3392677454057092 
0.340181208427471 
0.34111484356872146 
0.34206806560186226 
0.3430402892992948 
0.34403092943342034 
0.34503940077664064 
0.34606511810135676 
0.34710749617997055 
0.34816594978488324 
0.34923989368849623 
0.350328742663211 
0.35143191148142905 
0.3525488149155518 
0.3536788677379807 
0.3548214847211171 
0.3559760806373626 
0.3571420702591184 
0.35831886835878635 
0.35950588970876746 
0.36070254908146343 
0.36190826124927566 
0.3631224409846055 
0.36434450305985455 
0.3655738622474241 
0.36680993331971556 
0.36805213104913065 
0.36929987020807054 
0.3705525655689368 
0.3718096319041308 
0.3730704839860541 
0.37433453658710797 
0.375601204479694 
0.3768699024362136 
0.3781400452290682 
0.3794110476306592 
0.3806823244133881 
0.3819532903496563 
0.3832233602118653 
0.38449194877241655 
0.3857584708037114 
0.3870223410781514 
0.38828297436813786 
0.38953978544607243 
0.39079218908435637 
0.39203960005539107 
0.3932814331315782 
0.39451710308531907 
0.3957460246890151 
0.39696761271506786 
0.3981812819358786 
0.39938644712384896 
0.4005825230513802 
0.4017689244908739 
0.4029450662147316 
0.4041103629953544 
0.4052642296051441 
0.406406080816502 
0.40753533140182946 
0.40865139613352786 
0.40975368978399895 
0.410841627125644 
0.41191462293086445 
0.4129720919720616 
0.4140134490216372 
0.4150381088519926 
0.41604548623552906 
0.4170349959446481 
0.41800605275175123 
0.41895807142923996 
0.4198904667495156 
0.4208026534849797 
0.42169404656112636 
0.42256406758001 
0.4234121472612322 
0.42423771698059276 
0.42504020811389165 
0.4258190520369287 
0.42657368012550384 
0.4273035237554167 
0.42800801430246727 
0.42868658314245534 
0.42933866165118084 
0.4299636812044435 
0.4305610731780432 
0.4311302689477799 
0.4316706998894532 
0.43218179737886336 
0.43266299279181 
0.43311371750409267 
0.43353340289151165 
0.4339214803298666 
0.4342773811949575 
0.43460053686258404 
0.4348903787085461 
0.43514633810864356 
0.4353678464386764 
0.4355543350744442 
0.4357052353917468 
0.43581997876638434 
0.4358979965741565 
0.43593872019086316 
0.4359415809923041 
0.43590601035427934 
0.4358314396525884 
0.4357173002630314 
0.4355630235614083 
0.43536804092351855 
0.4351317837251623 
0.4348536833421392 
0.43453317115024936 
0.4341696785252924 
0.43376263684306837 
0.43331147747937676 
0.4328156318100178 
0.43227453121079107 
0.4316876070574967 
0.4310542907259342 
0.4303741482169582 
0.4296480607011116 
0.4288776525417158 
0.4280645565142623 
0.4272104053942423 
0.4263168319571476 
0.42538546897846935 
0.4244179492336992 
0.42341590549832836 
0.42238097054784857 
0.42131477715775106 
0.4202189581035275 
0.4190951461606692 
0.4179449741046676 
0.41677007471101396 
0.41557208075520014 
0.4143526250127172 
0.4131133402590568 
0.4118558592697104 
0.41058181482016937 
0.4092928396859252 
0.4079905666424693 
0.4066766284652931 
0.40535265792988806 
0.4040202878117458 
0.4026811508863575 
0.4013368799292148 
0.39998910771580903 
0.3986394670216317 
0.39728959062217417 
0.395941111292928 
0.39459566180938466 
0.3932548749470355 
0.39192038348137204 
0.3905938201878855 
0.38927681784206775 
0.38797100921940986 
0.3866780270954035 
0.38539950424554004 
0.38413707344531084 
0.38289236747020755 
0.3816670190957215 
0.38046266109734406 
0.3792809262505667 
0.378123447330881 
0.37699185711377853 
0.3758877883747503 
0.374812873889288 
0.37376874643288316 
0.3727570387810272 
0.3717793837092113 
0.3708374139929273 
0.3699327624076664 
0.3690670617289203 
0.36824194473217997 
0.36745904419293735 
0.36671999288668367 
0.36602642358891035 
0.3653799643918991 
0.3647814473476925 
0.3642300165412925 
0.3637246007235544 
0.3632641286453336 
0.3628475290574856 
0.3624737307108656 
0.36214166235632894 
0.3618502527447312 
0.36159843062692776 
0.3613851247537737 
0.3612092638761249 
0.36106977674483615 
0.3609655921107632 
0.36089563872476127 
0.360858845337686 
0.3608541407003924 
0.3608804535637361 
0.3609367126785723 
0.3610218467957566 
0.3611347846661442 
0.36127445504059047 
0.3614397866699508 
0.36162970830508073 
0.3618431486968354 
0.3620790365960705 
0.36233630075364104 
0.3626138699204025 
0.3629106728472104 
0.36322563828492016 
0.3635576949843868 
0.3639057716964661 
0.3642687971720132 
0.3646457001618835 
0.3650354094169326 
0.3654368536880154 
0.3658489617259878 
0.366270662281705 
0.36670088410602225 
0.36713855594979483 
0.3675826065638785 
0.36803196469912836 
0.3684855591063998 
0.36894231853654835 
0.36940117174042925 
0.3698610474688978 
0.3703208744728096 
0.37077958150301993 
0.37123609731038415 
0.3716893506457576 
0.3721382702599958 
0.37258178490395377 
0.3730188233284874 
0.37344831428445163 
0.3738691865227021 
0.3742803687940941 
0.374680789849483 
0.37506937843972415 
0.37544506331567296 
0.37580686172388694 
0.3761546418370686 
0.3764887466912228 
0.3768095244862901 
0.3771173234222112 
0.37741249169892677 
0.37769537751637755 
0.377966329074504 
0.37822569457324684 
0.378473822212547 
0.3787110601923445 
0.37893775671258056 
0.3791542599731955 
0.37936091817413026 
0.3795580795153251 
0.37974609219672095 
0.3799253044182584 
0.3800960643798781 
0.3802587202815205 
0.3804136203231266 
0.3805611127046368 
0.3807015456259919 
0.38083526728713246 
0.38096262588799906 
0.38108396962853236 
0.3811996467086732 
0.3813100053283619 
0.38141539368753946 
0.38151615998614624 
0.38161265242412307 
0.38170521920141043 
0.3817942085179493 
0.38187996857367995 
0.3819628475685432 
0.3820431937024797 
0.38212135517542994 
0.3821976801873348 
0.38227251693813485 
0.38234621362777066 
0.38241911845618287 
0.38249157962331226 
0.3825639453290994 
0.3826365637734849 
0.38270978315640936 
0.3827839516778136 
0.38285941753763825 
0.38293652893582375 
0.383015634072311 
0.38309708114704033 
0.3831812183599528 
0.38326839391098866 
0.38335895600008896 
0.38345325282719384 
0.38355163259224445 
0.38365444349518113 
0.3837620337359445 
0.3838747515144755 
0.3839929450307145 
0.38411696248460225 
0.38424715207607946 
0.3843838620050866 
0.38452744047156445 
0.3846782356754536 
0.3848365958166948 
0.3850028690952286 
0.3851774037109956 
0.3853605478639366 
0.38555264975399217 
0.3857540575811029 
0.3859651195452095 
0.3861861838462526 
0.38641759868417286 
0.3866597122589109 
0.3869128727704074 
0.3871774284186029 
0.38745372740343825 
0.3877421179248539 
0.3880429481827907 
0.3883565663771892 
0.3886833207079898 
0.3890235593751335 
0.3893776305785608 
0.38974588251821235 
0.39012866339402885 
0.3905263214059508 
0.390939204753919 
0.3913676616378741 
0.39181204025775673 
0.3922726888135074 
0.39274995550506697 
0.3932441885323758 
0.39375573609537495 
0.3942849463940046 
0.3948321676282058 
0.3953977479979189 
0.3959820357030847 
0.39658537894364393 
0.39720812591953697 
0.3978506248307046 
0.3985132238770876 
0.39919627125862656 
0.3999001151752619 
0.4006251038269344 
0.401371585413585 
0.4021399081351539 
0.402930420191582 
0.40374346978280984 
0.4045794051087781 
0.4054385743694275 
0.4063213257646986 
0.4072280074945319 
0.40815896775886845 
0.4091145547576485 
0.410095116690813 
0.41110100175830233 
0.41213255816005745 
0.4131901340960186 
0.41427407776612685 
0.4153847373703225 
0.4165224611085464 
0.417687597180739 
0.41888049378684133 
0.4201014990811011 
0.4213507096654037 
0.4226273811684058 
0.42393059368397984 
0.425259427305998 
0.4266129621283329 
0.4279902782448572 
0.4293904557494431 
0.4308125747359631 
0.4322557152982899 
0.4337189575302957 
0.435201381525853 
0.43670206737883444 
0.4382200951831123 
0.4397545450325592 
0.44130449702104735 
0.4428690312424495 
0.4444472277906381 
0.44603816675948543 
0.4476409282428639 
0.4492545923346464 
0.45087823912870495 
0.45251094871891223 
0.4541518011991406 
0.4557998766632625 
0.4574542552051507 
0.4591140169186772 
0.4607782418977148 
0.46244601023613596 
0.46411640202781296 
0.4657884973666183 
0.4674613763464246 
0.4691341190611043 
0.4708058056045298 
0.47247551607057336 
0.4741423305531077 
0.47580532914600543 
0.4774635919431386 
0.47911619903838004 
0.480762230525602 
0.48240076649867697 
0.48403088705147757 
0.4856516722778761 
0.48726220227174516 
0.488861557126957 
0.49044881693738435 
0.4920230617968994 
0.49358337179937484 
0.4951288270386829 
0.49665850760869656 
0.49817149360328766 
0.49966686511632896 
0.5011437022416929 
0.502601085073252 
0.5040380937048786 
0.5054538082304452 
0.5068473087438243 
0.5082176753388885 
0.50956398810951 
0.5108853271495615 
0.5121807725529153 
0.513449404413444 
0.5146903028250199 
0.5159025478815155 
0.5170852196768035 
0.518237398304756 
0.5193581638592458 
0.520446596434145 
0.5215017761233265 
0.5225227830206625 
0.5235086972200256 
0.524458598815288 
0.5253716389754891 
0.5262476310954293 
0.5270867489578152 
0.5278891699545499 
0.5286550714775364 
0.5293846309186775 
0.5300780256698758 
0.5307354331230345 
0.5313570306700562 
0.5319429957028441 
0.5324935056133007 
0.5330087377933289 
0.5334888696348317 
0.533934078529712 
0.5343445418698726 
0.5347204370472164 
0.5350619414536459 
0.5353692324810645 
0.5356424875213747 
0.5358818839664796 
0.536087599208282 
0.5362598106386843 
0.5363986956495902 
0.5365044316329018 
0.5365771959805226 
0.5366171660843551 
0.5366245193363021 
0.5365994331282664 
0.5365420848521512 
0.5364526518998591 
0.5363313116632933 
0.5361782415343561 
0.5359936189049508 
0.5357776211669799 
0.5355304257123468 
0.5352522099329539 
0.5349431512207041 
0.5346034269675005 
0.5342332145652459 
0.5338326914058429 
0.5334020348811945 
0.5329414223832037 
0.5324510313037734 
0.5319310390348062 
0.531381622968205 
0.5308029605260306 
0.5301953637818313 
0.529559588843493 
0.528896483217976 
0.5282068944122414 
0.5274916699332495 
0.5267516572879611 
0.5259877039833367 
0.525200657526337 
0.524391365423923 
0.5235606751830549 
0.5227094343106934 
0.5218384903137994 
0.5209486906993331 
0.5200408829742559 
0.5191159146455279 
0.5181746332201097 
0.5172178862049621 
0.5162465211070458 
0.5152613854333213 
0.5142633266907496 
0.5132531923862911 
0.5122318300269062 
0.511200087119556 
0.5101588111712009 
0.5091088496888017 
0.5080510501793188 
0.506986260149713 
0.5059153271069451 
0.5048390985579755 
0.503758422009765 
0.5026741449692741 
0.5015871149434638 
0.5004981794392943 
0.49940818596372655 
0.49831798202372096 
0.49722841512623844 
0.49614033277823977 
0.495054582486685 
0.4939720117585353 
0.4928934681007511 
0.4918197990202931 
0.490751852024122 
0.48969047461919846 
0.48863651431248295 
0.48759081861093634 
0.48655423502151923 
0.48552761105119213 
0.4845117942069158 
0.48350763199565094 
0.48251597192435824 
0.481537661499998 
0.4805735482295313 
0.47962447961991855 
0.4786913031781204 
0.4777748664110978 
0.47687601682581077 
0.47599560192922075 
0.4751344692282877 
0.4742934662299728 
0.4734734404412361 
0.472675239369039 
0.4718997105203416 
0.4711477014021049 
0.47042005952128896 
0.4697176323848551 
0.46904126749976377 
0.46839181237297534 
0.4677701145114508 
0.4671770214221507 
0.46661338061203567 
0.46608003958806626 
0.4655778458572032 
0.4651076469264072 
0.46467029030263907 
0.46426662349285885 
0.4638974940040278 
0.4635637493431064 
0.4632662370170553 
0.463005804532835 
0.4627832993974064 
0.46259956911772987 
0.46245546120076625 
0.46235182315347617 
0.4622895024828203 
0.4622693466957592 
0.46229220329925347 
0.46235891980026395 
0.46247034370575124 
0.4626273225226759 
0.46283070375799856 
0.4630813349186802 
0.4633800635116808 
0.4637277370439617 
0.46412520302248317 
0.46457330895420607 
0.4650729023460908 
0.46562483051243253 
0.46622923236458635 
0.4668839424759659 
0.46758632767466196 
0.468333754788766 
0.46912359064636894 
0.46995320207556174 
0.4708199559044355 
0.4717212189610811 
0.47265435807358996 
0.4736167400700529 
0.47460573177856097 
0.47561870002720524 
0.4766530116440768 
0.47770603345726687 
0.4787751322948662 
0.47985767498496584 
0.4809510283556571 
0.48205255923503093 
0.48315963445117827 
0.4842696208321903 
0.4853798852061579 
0.4864877944011725 
0.48759071524532466 
0.4886860145667059 
0.4897710591934069 
0.4908432159535189 
0.4918998516751329 
0.4929383331863399 
0.49395602731523114 
0.49495030088989744 
0.49591852073843007 
0.49685805368892 
0.4977662665694581 
0.4986405262081357 
0.4994781994330437 
0.5002766530722733 
0.5010332539539153 
0.501745368906061 
0.5024103647568012 
0.5030256083342272 
0.50358846646643 
0.5040963059815006 
0.5045464937075298 
0.5049363964726091 
0.5052633811048294 
0.5055248724618329 
0.5057204972889495 
0.5058527118016628 
0.5059241582411171 
0.5059374788484575 
0.5058953158648286 
0.5058003115313752 
0.5056551080892419 
0.5054623477795734 
0.505224672843515 
0.5049447255222106 
0.5046251480568057 
0.5042685826884444 
0.5038776716582722 
0.503455057207433 
0.5030033815770721 
0.5025252870083342 
0.502023415742364 
0.5015004100203059 
0.5009589120833053 
0.5004015641725061 
0.49983100852905393 
0.4992498873940931 
0.49866084300876834 
0.4980665176142243 
0.497469553451606 
0.4968725927620581 
0.49627827778672506 
0.495689250766752 
0.49510815394328345 
0.4945376295574644 
0.4939803198504392 
0.49343886706335294 
0.49291591343735025 
0.4924141012135757 
0.49193607263317446 
0.4914844699372909 
0.4910619353670699 
0.49067111116365614 
0.4903146395681944 
0.48999516282182937 
0.48971532316570593 
0.48947776284096883 
0.48928512408876257 
0.48914004915023224 
0.48904518026652233 
0.4890031596787775 
0.4890166296281429 
0.48908823235576293 
0.48922061010278245 
0.4894164051103462 
0.4896782596195988 
0.4900088158716852 
0.49041071610775006 
0.4908866025689382 
0.49143911749639413 
0.4920709031312627 
0.4927846017146888 
0.4935828554878171 
0.49446771251469357 
0.4954380694942548 
0.4964917823505338 
0.4976267063540047 
0.4988406967751412 
0.5001316088844173 
0.5014972979523071 
0.5029356192492845 
0.5044444280458235 
0.5060215796123979 
0.5076649292194819 
0.5093723321375492 
0.5111416436370739 
0.5129707189885301 
0.5148574134623914 
0.5167995823291323 
0.5187950808592263 
0.5208417643231475 
0.52293748799137 
0.5250801071343675 
0.5272674770226141 
0.5294974529265839 
0.5317678901167506 
0.5340766438635884 
0.536421569437571 
0.5388005221091727 
0.5412113571488674 
0.5436519298271287 
0.546120095414431 
0.548613709181248 
0.5511306263980538 
0.5536687023353222 
0.5562257922635273 
0.5587997514531431 
0.5613884351746434 
0.5639896986985022 
0.5666013972951937 
0.5692213862351916 
0.5718475207889699 
0.5744776562270028 
0.5771096478197638 
0.5797413508377272 
0.582370620551367 
0.584995312231157 
0.5876132811475714 
0.5902223825710836 
0.5928204717721683 
0.595405404021299 
0.5979750345889498 
0.6005272187455947 
0.6030598117617076 
0.6055706689077625 
0.6080576454542331 
0.6105185966715938 
0.6129513778303183 
0.6153538442008806 
0.6177238510537547 
0.6200592536594145 
0.622357907288334 
0.6246176672109873 
0.6268363886978483 
0.6290119270193908 
0.6311421374460887 
0.6332248752484163 
0.6352579956968474 
0.637239354061856 
0.6391668056139158 
0.6410382056235012 
0.6428514093610858 
0.6446042720971439 
0.646294649102149 
0.6479203956465754 
0.6494793670008971 
0.650969418435588 
0.652388405221122 
0.653734182627973 
0.655004605926615 
0.6561975303875223 
0.6573108112811682 
0.6583423038780273 
0.6592898634485731 
0.66015134526328 
0.6609246045926216 
0.6616074967070721 
0.6621981351975191 
0.6626969305540926 
0.6631054968278172 
0.6634254586574729 
0.6636584406818405 
0.6638060675397005 
0.6638699638698335 
0.6638517543110198 
0.6637530635020399 
0.6635755160816745 
0.6633207366887042 
0.6629903499619092 
0.6625859805400699 
0.6621092530619673 
0.6615617921663814 
0.6609452224920934 
0.6602611686778829 
0.6595112553625312 
0.6586971071848181 
0.6578203487835247 
0.6568826047974312 
0.6558854998653183 
0.6548306586259663 
0.6537197057181559 
0.6525542657806673 
0.6513359634522814 
0.6500664233717786 
0.6487472701779392 
0.6473801285095439 
0.6459666230053728 
0.6445083783042072 
0.6430070190448269 
0.6414641698660128 
0.6398814554065453 
0.6382605003052046 
0.6366029292007719 
0.634910366732027 
0.6331844375377507 
0.6314267662567236 
0.6296389775277262 
0.6278226959895388 
0.6259795462809419 
0.6241111530407163 
0.6222191409076422 
0.6203051345205004 
0.6183707585180711 
0.616417637539135 
0.6144473962224726 
0.6124616592068645 
0.6104620511310909 
0.6084501966339324 
0.6064277203541697 
0.6043962469305832 
0.6023574010019535 
0.6003128072070608 
0.598264090184686 
0.5962128745736093 
0.5941607850126114 
0.5921094461404727 
0.5900604825959737 
0.5880155190178951 
0.5859761800450171 
0.5839440903161204 
0.5819208744699855 
0.5799081571453928 
0.577907562981123 
0.5759207166159563 
0.5739492426886735 
0.5719947658380553 
0.5700589107028815 
0.5681433019219332 
0.5662495641339906 
0.5643793219778346 
0.5625342000922451 
0.5607158231160031 
0.5589258156878889 
0.5571658024466832 
0.5554374080311663 
0.5537422570801186 
0.552081974232321 
0.5504581841265538 
0.5488725114015972 
0.5473265806962322 
0.545822016649239 
0.5443604438993984 
0.5429434870854906 
0.5415727708462962 
0.5402499198205958 
0.5389765586471698 
0.5377543119647985 
0.5365848044122631 
0.5354696606283433 
0.5344105052518202 
0.5334089629214739 
0.5324666582760852 
0.5315852159544343 
0.5307662605953021 
0.5300110962177493 
0.5293182197240917 
0.5286846756100185 
0.5281074961561676 
0.527583713643177 
0.5271103603516845 
0.5266844685623276 
0.5263030705557445 
0.5259631986125729 
0.5256618850134502 
0.5253961620390145 
0.5251630619699037 
0.5249596170867554 
0.5247828596702077 
0.5246298220008981 
0.5244975363594645 
0.5243830350265446 
0.5242833502827763 
0.5241955144087975 
0.5241165596852458 
0.524043721199668 
0.5239760096717208 
0.5239133545359127 
0.5238556929533411 
0.5238029620851035 
0.5237550990922981 
0.5237120411360215 
0.5236737253773721 
0.5236400889774471 
0.5236110690973439 
0.5235866028981604 
0.5235666275409938 
0.5235510801869421 
0.5235398979971023 
0.5235330181325724 
0.5235303777544498 
0.5235319140238321 
0.5235375641018167 
0.5235472651495017 
0.5235609543279839 
0.5235785687983613 
0.5236000457217314 
0.5236253222591918 
0.5236543355718398 
0.5236870228207733 
0.5237233211670894 
0.5237631677718863 
0.5238064997962611 
0.5238532544013116 
0.5239033687481351 
0.5239567799978294 
0.524013425311492 
0.5240732418502202 
0.5241361667751119 
0.5242021372472645 
0.5242710904277756 
0.5243429634777429 
0.5244176935582636 
0.5244952178304357 
0.5245754734553563 
0.5246583975941234 
0.524743927407834 
0.5248320000575862 
0.5249225527044775 
0.5250155225096053 
0.5251108466340669 
0.5252084622389603 
0.5253083064853831 
0.5254103165344324 
0.5255144295472063 
0.5256205826848018 
0.5257287131083167 
0.5258387579788487 
0.5259506544574952 
0.5260643397053538 
0.5261797508835221 
0.5262968251530977 
0.5264154996751779 
0.5265357116108605 
0.5266573981212431 
0.5267804963674232 
0.5269049435104981 
0.5270306767115659 
0.5271576331317236 
0.527285749932069 
0.5274149642736997 
0.5275452133177132 
0.527676434225207 
0.527808564157279 
0.5279415402750262 
0.5280752997395466 
0.5282097797119375 
0.5283449173532966 
0.5284806498247212 
0.5286169142873095 
0.5287536479021584 
0.5288907878303658 
0.5290282712330291 
0.5291660352712458 
0.5293040171061136 
0.5294421538987302 
0.5295803828101929 
0.5297186410015995 
0.5298568656340471 
0.5299949938686339 
0.5301329628664567 
0.5302707097886139 
0.5304081717962024 
0.5305452860503201 
0.5306819897120644 
0.5308182199425331 
0.5309539139028233 
0.5310890087540331 
0.5312234416572598 
0.5313571497736007 
0.5314900702641537 
0.5316221402900164 
0.5317532970122861 
0.5318834775920606 
0.5320126191904371 
0.5321406589685137 
0.5322675340873875 
0.5323931817081563 
0.5325175389919174 
0.5326405430997687 
0.5327621311928077 
0.5328822404321317 
0.5330008079788384 
0.5331177709940255 
0.5332330666387903 
0.5333466320742306 
0.5334584044614439 
0.5335683209615276 
0.5336763187355793 
0.5337823349446967 
0.5338863067499773 
0.5339881713125187 
0.5340878657934183 
0.5341853273537738 
0.5342804931546827 
0.5343733003572426 
0.5344636861225511 
0.5345515876984616 
0.5346371073959526 
0.5347208559803793 
0.534803541805151 
0.5348858732236762 
0.5349685585893632 
0.5350523062556213 
0.5351378245758588 
0.5352258219034847 
0.5353170065919073 
0.5354120869945358 
0.5355117714647787 
0.5356167683560444 
0.5357277860217423 
0.5358455328152806 
0.5359707170900682 
0.5361040471995135 
0.5362462314970258 
0.536397978336013 
0.5365599960698847 
0.536732993052049 
0.5369176776359149 
0.5371147581748908 
0.537324943022386 
0.5375489405318086 
0.5377874590565674 
0.5380412069500714 
0.5383108925657292 
0.5385972242569494 
0.5389009103771409 
0.5392226592797122 
0.5395631793180723 
0.5399231788456296 
0.5403033662157929 
0.5407044497819709 
0.5411271378975724 
0.5415721389160061 
0.5420401611906809 
0.5425319130750048 
0.5430481029223873 
0.5435894390862368 
0.5441566299199618 
0.5447503837769716 
0.5453714090106743 
0.5460204139744789 
0.5466981070217941 
0.5474051965060285 
0.5481423907805909 
0.5489103981988901 
0.5497099271143348 
0.5505416858803333 
0.5514063828502949 
0.5523047263776281 
0.5532374248157412 
0.5542051865180435 
0.5552087198379434 
0.5562487331288498 
0.5573259347441712 
0.5584410330373165 
0.5595947363616943 
0.5607877530707134 
0.5620207915177823 
0.56329456005631 
0.5646097670397049 
0.5659671208213759 
0.5673673297547318 
0.568811102193181 
0.5702991464901327 
0.5718321709989951 
0.5734108840731771 
0.5750359940660875 
0.5767082093311351 
0.5784280627701402 
0.5801945976465249 
0.582006105804295 
0.5838608733277646 
0.5857571863012483 
0.5876933308090603 
0.5896675929355151 
0.591678258764927 
0.5937236143816101 
0.5958019458698793 
0.5979115393140485 
0.6000506807984323 
0.6022176564073448 
0.6044107522251007 
0.6066282543360141 
0.6088684488243994 
0.611129621774571 
0.6134100592708431 
0.6157080473975304 
0.6180218722389469 
0.620349819879407 
0.6226901764032252 
0.6250412278947158 
0.6274012604381932 
0.629768560117972 
0.632141413018366 
0.6345181052236898 
0.6368969228182578 
0.6392761518863842 
0.6416540785123838 
0.6440289887805704 
0.6463991687752587 
0.6487629045807629 
0.6511184822813973 
0.6534641879614765 
0.6557983077053149 
0.6581191275972262 
0.6604249337215258 
0.662714012162527 
0.6649846490045449 
0.6672351303318934 
0.6694637422288872 
0.6716687707798404 
0.6738485020690675 
0.6760012221808829 
0.6781252171996008 
0.6802187732095356 
0.6822801762950016 
0.6843077125403133 
0.6862996680297849 
0.688254328847731 
0.6901699810784657 
0.6920449108063036 
0.6938774041155586 
0.6956657470905455 
0.6974082258155786 
0.6991031263749723 
0.7007487348530405 
0.7023433373340978 
0.7038852199024588 
0.7053726686424379 
0.7068039696383489 
0.7081774089745065 
0.7094912727352253 
0.7107438470048192 
0.7119334178676029 
0.7130582714078905 
0.7141166937099968 
0.7151069708582354 
0.7160273889369213 
0.7168762340303685 
0.7176518465646301 
0.7183543757677396 
0.7189861585560187 
0.7195496628249922 
0.7200473564701846 
0.7204817073871207 
0.7208551834713252 
0.7211702526183226 
0.721429382723638 
0.7216350416827955 
0.7217896973913202 
0.7218958177447364 
0.7219558706385694 
0.7219723239683434 
0.721947645629583 
0.7218843035178132 
0.7217847655285585 
0.7216514995573436 
0.7214869734996934 
0.721293655251132 
0.7210740127071844 
0.7208305137633758 
0.7205656263152301 
0.7202818182582723 
0.7199815574880271 
0.7196673119000189 
0.7193415493897729 
0.7190067378528135 
0.7186653451846652 
0.7183198392808529 
0.7179726880369012 
0.7176263593483347 
0.7172833211106785 
0.7169460412194566 
0.7166169875701942 
0.7162986280584158 
0.7159934305796463 
0.7157038630294097 
0.7154323933032315 
0.715181489296636 
0.7149536189051477 
0.7147512500242917 
0.7145768505495923 
0.7144328883765745 
0.7143218314007627 
0.7142461475176816 
0.7142080508377293 
0.714207633425389 
0.7142439304589251 
0.7143159693942482 
0.7144227776872674 
0.7145633827938919 
0.7147368121700319 
0.7149420932715963 
0.7151782535544949 
0.7154443204746372 
0.7157393214879324 
0.7160622840502903 
0.7164122356176202 
0.7167882036458318 
0.7171892155908346 
0.7176142989085379 
0.7180624810548515 
0.7185327894856847 
0.7190242516569469 
0.7195358950245476 
0.720066747044397 
0.7206158351724035 
0.7211821868644772 
0.7217648295765275 
0.7223627907644642 
0.7229750978841964 
0.7236007783916337 
0.7242388597426859 
0.7248883693932618 
0.7255483347992717 
0.7262177834166247 
0.72689574270123 
0.7275812401089977 
0.728273303095837 
0.7289709591176576 
0.729673235630369 
0.7303791600898804 
0.7310877599521013 
0.7317980626729417 
0.7325090957083102 
0.7332198865141174 
0.733929462546272 
0.7346368512606839 
0.7353410801132624 
0.736041176559917 
0.7367361680565573 
0.7374250820590929 
0.7381069460234331 
0.7387807874054875 
0.7394456336611656 
0.7401005122463767 
0.7407444506170306 
0.7413764762290368 
0.7419956165383045 
0.7426008990007433 
0.7431913510722632 
0.7437660002087728 
0.7443238738661826 
0.7448640037386577 
0.7453858681179936 
0.7458897791352882 
0.7463761402063989 
0.746845354747183 
0.7472978261734977 
0.7477339579012002 
0.7481541533461477 
0.7485588159241976 
0.7489483490512073 
0.749323156143034 
0.7496836406155352 
0.7500302058845675 
0.7503632553659889 
0.7506831924756563 
0.750990420629427 
0.7512853432431585 
0.7515683637327079 
0.7518398855139324 
0.7521003120026895 
0.7523500466148364 
0.7525894927662302 
0.7528190538727283 
0.7530391333501882 
0.753250134614467 
0.7534524610814217 
0.7536465161669101 
0.7538327032867892 
0.7540114258569162 
0.7541830872931486 
0.7543480910113437 
0.7545068404273583 
0.7546597389570502 
0.7548071900162765 
0.7549495970208945 
0.7550873633867613 
0.7552208925297346 
0.7553505878656713 
0.7554768528104289 
0.7556000907798643 
0.7557207051898353 
0.7558390994561989 
0.7559556769948125 
0.7560708412215329 
0.7561849955522183 
0.7562985434027253 
0.7564118881889115 
0.7565254333266335 
0.7566395822317493 
0.7567547383201163 
0.7568713050075911 
0.7569896857100314 
0.7571102838432945 
0.7572335028232376 
0.7573597460657179 
0.7574894169865927 
0.7576229190017196 
0.7577606555269554 
0.7579030299781575 
0.7580504457711834 
0.7582033063218903 
0.7583620150461354 
0.758526975359776 
0.7586985906786694 
0.7588772644186726 
0.7590633999956435 
0.7592574008254389 
0.7594596703239163 
0.7596706119069327 
0.7598906289903455 
0.7601201249900122 
0.76035950332179 
0.7606090559511134 
0.760868531377575 
0.7611375126946733 
0.7614155829568384 
0.7617023252185008 
0.7619973225340899 
0.7623001579580361 
0.7626104145447689 
0.7629276753487187 
0.7632515234243153 
0.7635815418259888 
0.763917313608169 
0.7642584218252859 
0.7646044495317696 
0.7649549797820501 
0.7653095956305572 
0.7656678801317209 
0.7660294163399713 
0.7663937873097385 
0.766760576095452 
0.7671293657515421 
0.767499739332439 
0.767871279892572 
0.7682435704863719 
0.7686161941682679 
0.7689887339926903 
0.7693607730140697 
0.7697318942868351 
0.7701016808654169 
0.7704697158042448 
0.7708355821577494 
0.7711988629803602 
0.7715591413265073 
0.7719160002506205 
0.7722690228071298 
0.7726177920504654 
0.7729618910350574 
0.7733009028153355 
0.7736344104457296 
0.7739619969806697 
0.7742832454745858 
0.7745977389819083 
0.7749050605570666 
0.7752047932544912 
0.7754965201286114 
0.7757798242338576 
0.7760542886246599 
0.7763194963554481 
0.7765750304806521 
0.7768204740547019 
0.7770554101320275 
0.7772794217670591 
0.7774920920142264 
0.7776930039279594 
0.7778817405626882 
0.7780578849728428 
0.7782210202128527 
0.7783707293371487 
0.77850659540016 
0.7786282014563172 
0.7787351305600498 
0.7788269657657879 
0.7789032901279617 
0.7789636867010009 
0.7790077385393358 
0.779035028697396 
0.7790451402296116 
0.7790376561904127 
0.7790121596342291 
0.7789682336154911 
0.7789054611886282 
0.7788234675193952 
0.778722498305046 
0.7786032720771227 
0.7784665192531197 
0.7783129702505306 
0.7781433554868498 
0.7779584053795711 
0.7777588503461883 
0.7775454208041961 
0.7773188471710882 
0.7770798598643586 
0.7768291893015016 
0.776567565900011 
0.7762957200773808 
0.7760143822511054 
0.7757242828386786 
0.7754261522575944 
0.7751207209253471 
0.7748087192594308 
0.774490877677339 
0.7741679265965662 
0.7738405964346066 
0.7735096176089538 
0.773175720537102 
0.7728396356365456 
0.7725020933247781 
0.772163824019294 
0.771825558137587 
0.7714880260971515 
0.7711519583154816 
0.7708180852100708 
0.7704871371984137 
0.7701598446980038 
0.7698369381263358 
0.7695191479009035 
0.7692072044392008 
0.7689018381587219 
0.7686037794769607 
0.7683137588114115 
0.768032506579568 
0.7677607531989247 
0.7674992290869753 
0.767248664661214 
0.7670097903391347 
0.7667833365382319 
0.766570033675999 
0.7663706121699304 
0.7661858024375202 
0.7660163348962626 
0.7658629399636512 
0.7657263480571804 
0.7656072895943442 
0.7655064949926365 
0.7654246946695513 
0.7653626190425831 
0.7653209985292255 
0.7653005635469726 
0.7653020445133187 
0.7653261718457578 
0.7653736759617835 
0.7654452872788908 
0.7655417362145727 
0.7656637531863238 
0.7658120686116384 
0.76598741290801 
0.7661905164929328 
0.766422109783901 
0.7666829231984086 
0.7669736871539495 
0.7672951320680181 
0.7676479883581081 
0.7680329807837306 
0.7684502861451638 
0.7688990835919546 
0.7693784464244704 
0.7698874479430795 
0.7704251614481495 
0.7709906602400485 
0.7715830176191434 
0.7722013068858032 
0.7728446013403948 
0.7735119742832867 
0.7742024990148462 
0.7749152488354417 
0.7756492970454405 
0.7764037169452106 
0.7771775818351198 
0.777969965015536 
0.778779939786827 
0.7796065794493604 
0.7804489573035046 
0.7813061466496267 
0.7821772207880949 
0.7830612530192772 
0.783957316643541 
0.7848644849612544 
0.785781831272785 
0.7867084288785008 
0.7876433510787697 
0.7885856711739594 
0.7895344624644377 
0.7904887982505724 
0.7914477518327315 
0.7924103965112826 
0.7933758055865938 
0.7943430523590326 
0.7953112101289671 
0.7962793521967648 
0.7972465518627937 
0.7982118824274218 
0.7991744171910166 
0.8001332294539459 
0.8010873925165782 
0.8020359796792804 
0.8029780642424208 
0.8039127195063674 
0.8048390187714878 
0.8057560353381495 
0.8066628425067208 
0.8075585135775694 
0.808442121851063 
0.8093127406275693 
0.8101694432074567 
0.8110113028910925 
0.8118373929788445 
0.8126467867710807 
0.8134385575681691 
0.8142117786704772 
0.814965523378373 
0.8156988649922242 
0.8164109709744217 
0.8171017611131935 
0.8177715158032582 
0.8184205177068238 
0.8190490494860984 
0.8196573938032901 
0.8202458333206064 
0.820814650700256 
0.821364128604447 
0.8218945496953866 
0.8224061966352835 
0.8228993520863455 
0.8233742987107807 
0.8238313191707973 
0.8242706961286029 
0.8246927122464058 
0.8250976501864143 
0.825485792610836 
0.825857422181879 
0.8262128215617515 
0.8265522734126612 
0.8268760603968167 
0.8271844651764255 
0.8274777704136959 
0.827756258770836 
0.8280202129100535 
0.8282699154935562 
0.8285056491835532 
0.8287276966422517 
0.8289363405318598 
0.8291318635145855 
0.8293145482526372 
0.8294846774082226 
0.8296425336435499 
0.8297883996208271 
0.829922558002262 
0.8300452914500629 
0.8301568826264377 
0.8302576141935947 
0.8303477688137415 
0.8304276291490864 
0.8304974778618373 
0.8305575976142023 
0.8306082710683895 
0.8306497808866069 
0.8306824097310624 
0.8307064402639643 
0.8307221551475202 
0.8307298370439384 
0.8307297686154269 
0.830722232524194 
0.8307075114324473 
0.8306858880023948 
0.8306576448962448 
0.8306230647762056 
0.8305824303044844 
0.8305360241432902 
0.8304841289548304 
0.8304270274013131 
0.8303650021449465 
0.8302983358479383 
0.8302273111724969 
0.8301522107808305 
0.8300733173351463 
0.8299909134976533 
0.8299052819305589 
0.8298167052960713 
0.8297254662563988 
0.829631847473749 
0.82953613161033 
0.8294386013283501 
0.8293395346945304 
0.8292390713071197 
0.8291371911952925 
0.829033865545986 
0.8289290655461363 
0.8288227623826807 
0.8287149272425556 
0.8286055313126977 
0.8284945457800437 
0.8283819418315302 
0.8282676906540944 
0.8281517634346724 
0.8280341313602014 
0.8279147656176179 
0.8277936373938584 
0.8276707178758601 
0.8275459782505592 
0.8274193897048926 
0.8272909234257972 
0.8271605506002098 
0.8270282424150666 
0.8268939700573045 
0.8267577047138605 
0.8266194175716712 
0.826479079817673 
0.8263366626388028 
0.8261921372219974 
0.8260454747541934 
0.8258966464223277 
0.8257456234133368 
0.8255923769141574 
0.8254368781117265 
0.8252790981929803 
0.8251190083448561 
0.8249565797542902 
0.8247917836082196 
0.8246245910935806 
0.8244549733973102 
0.824282901706345 
0.824108347207622 
0.8239312810880773 
0.8237516745346485 
0.8235694987342713 
0.8233847248738834 
0.8231973241404205 
0.8230072677208203 
0.8228145268020187 
0.8226190725709532 
0.8224208762145597 
0.8222199089197753 
0.8220161418735364 
0.8218095462627806 
0.8216000932744437 
0.8213877540954628 
0.8211724999127745 
0.8209543019133154 
0.8207331312840225 
0.8205089592118326 
0.8202817568836818 
0.8200514954865072 
0.8198181462072458 
0.8195816802328336 
0.819342068750208 
0.8190992829463052 
0.8188532940080624 
0.8186040731224156 
0.8183515914763027 
0.818095820256659 
0.817836730650422 
0.8175742938445282 
0.8173084810259146 
0.8170392633815176 
0.8167666120982742 
0.8164904983631206 
0.8162108933629942 
0.8159277682848312 
0.8156410943155682 
0.8153508426421424 
0.8150569844514901 
0.8147594909305484 
0.8144583332662538 
0.8141534826455429 
0.8138449102553527 
0.8135325872826195 
0.8132164849142803 
0.8128965743372717 
0.8125728267385306 
0.8122452133049936 
0.8119137052235973 
0.8115782736812784 
0.8112388898649736 
0.8108955249616198 
0.8105481501581538 
0.8101967366415119 
0.8098412555986313 
0.8094816782164482 
0.8091179756819 
0.8087501191819225 
0.8083780799034531 
0.8080018290334281 
0.8076213377587844 
0.8072365772664589 
0.8068475187433881 
0.8064541333765088 
0.8060563923527574 
0.8056542668590709 
0.8052477280823863 
0.8048367472096397 
0.804421295427768 
0.8040013439237079 
0.8035768638843965 
0.8031478264967701 
0.8027142029477656 
0.8022759644243196 
0.801833082113369 
0.8013855272018502 
0.8009332708767 
0.8004762843248552 
0.8000145387332525 
0.7995480052888286 
0.7990766551785203 
0.7986004595892641 
0.798119389707997 
0.7976334851685236 
0.7971433162785145 
0.7966497012621223 
0.7961534597456038 
0.7956554113552156 
0.7951563757172141 
0.7946571724578565 
0.7941586212033991 
0.7936615415800984 
0.793166753214211 
0.792675075731994 
0.7921873287597038 
0.7917043319235967 
0.7912269048499299 
0.7907558671649594 
0.7902920384949426 
0.7898362384661354 
0.7893892867047947 
0.7889520028371774 
0.7885252064895399 
0.7881097172881388 
0.787706354859231 
0.7873159388290725 
0.7869392888239208 
0.7865772244700318 
0.7862305653936628 
0.7859001312210698 
0.7855867415785098 
0.7852912160922392 
0.785014374388515 
0.7847570360935933 
0.7845200208337313 
0.7843041482351852 
0.784110237924212 
0.783939109527068 
0.7837915826700101 
0.783668476979295 
0.7835706120811787 
0.7834988076019186 
0.783453883167771 
0.7834366584049923 
0.7834479529398399 
0.7834885863985697 
0.7835593784074384 
0.783661148592703 
0.7837947165806198 
0.7839609019974457 
0.7841605244694373 
0.7843944036228507 
0.7846633590839434 
0.7849682104789715 
0.7853097774341917 
0.7856888795758606 
0.7861063365302352 
0.7865629679235716 
0.7870595933821267 
0.7875970325321574 
0.7881761049999197 
0.7887976221371639 
0.7894616850989924 
0.7901671497437622 
0.790912745936622 
0.7916972035427223 
0.7925192524272122 
0.7933776224552416 
0.79427104349196 
0.7951982454025172 
0.7961579580520624 
0.7971489113057456 
0.7981698350287165 
0.7992194590861242 
0.8002965133431187 
0.8013997276648497 
0.8025278319164665 
0.803679555963119 
0.8048536296699565 
0.8060487829021292 
0.807263745524786 
0.808497247403077 
0.8097480184021517 
0.8110147883871597 
0.8122962872232504 
0.8135912447755739 
0.8148983909092795 
0.8162164554895168 
0.8175441683814355 
0.818880259450185 
0.8202234585609155 
0.8215724955787761 
0.8229261003689166 
0.8242830027964865 
0.8256419327266352 
0.8270016200245129 
0.828360794555269 
0.8297181861840531 
0.8310725247760146 
0.832422540196303 
0.8337669623100685 
0.8351045209824608 
0.8364339460786284 
0.8377539674637222 
0.839063315002891 
0.8403607185612848 
0.841644908004053 
0.8429146131963455 
0.8441685640033115 
0.8454054902901011 
0.8466241219218636 
0.8478231887637486 
0.8490014206809059 
0.8501575475384853 
0.8512902992016355 
0.8523984055355072 
0.8534805964052494 
0.8545356016760122 
0.8555621512129447 
0.8565589748811969 
0.857524951439667 
0.8584600968965899 
0.8593649517563869 
0.8602400593312329 
0.8610859629333035 
0.8619032058747735 
0.8626923314678178 
0.8634538830246117 
0.8641884038573306 
0.8648964372781496 
0.8655785265992433 
0.8662352151327872 
0.8668670461909563 
0.8674745630859257 
0.8680583091298706 
0.8686188276349662 
0.8691566619133875 
0.8696723552773095 
0.8701664510389077 
0.8706394925103565 
0.8710920230038318 
0.8715245858315084 
0.8719377243055614 
0.8723319817381656 
0.8727079014414967 
0.8730660267277297 
0.8734069009090392 
0.8737310672976007 
0.8740390692055895 
0.8743314499451806 
0.8746087528285491 
0.8748715211678695 
0.8751202982753179 
0.875355627463069 
0.875578052043298 
0.8757881153281796 
0.8759863606298891 
0.8761733312606022 
0.8763495705324933 
0.8765156217577379 
0.876672028248511 
0.8768193333169876 
0.8769580802753432 
0.8770888124357521 
0.8772120731103904 
0.8773284056114328 
0.8774383532510541 
0.8775424593414298 
0.877641267194735 
0.8777353201231446 
0.877825161438834 
0.8779113344539784 
0.8779943824807522 
0.8780748488313312 
0.8781532768178906 
0.8782302097526049 
0.8783061909476496 
0.8783817637151998 
0.8784574713674308 
0.8785338572165173 
0.8786114645746347 
0.878690836753958 
0.8787725170666624 
0.8788570488249229 
0.8789449753409148 
0.8790368399268129 
0.8791331858947927 
0.879234556557029 
0.8793414952256969 
0.8794545452129722 
0.879574249831029 
0.879701152392043 
0.8798357962081894 
0.8799787245916431 
0.8801304808545791 
0.8802916083091729 
0.880462650267599 
0.880644150042033 
0.88083665094465 
0.8810406962876252 
0.8812568293831335 
0.88148559354335 
0.8817275320804498 
0.8819831883066082 
0.8822531055339999 
0.8825378270748006 
0.8828378962411854 
0.8831538563453287 
0.8834862506994063 
0.883835622615593 
0.8842025154060643 
0.8845874723829945 
0.8849910368585596 
0.8854137521449341 
0.8858561615542938 
0.8863188083988132 
0.8868022359906674 
0.8873068904975372 
0.8878324870761412 
0.888378408063842 
0.888944034113886 
0.8895287458795172 
0.8901319240139814 
0.8907529491705235 
0.8913912020023883 
0.892046063162821 
0.8927169133050666 
0.8934031330823703 
0.8941041031479768 
0.8948192041551316 
0.8955478167570796 
0.8962893216070658 
0.8970430993583353 
0.8978085306641327 
0.8985849961777039 
0.8993718765522931 
0.9001685524411462 
0.9009744044975078 
0.9017888133746225 
0.9026111597257364 
0.9034408242040934 
0.9042771874629395 
0.9051196301555192 
0.905967532935078 
0.9068202764548604 
0.9076772413681121 
0.9085378083280775 
0.9094013579880019 
0.9102672710011307 
0.9111349280207084 
0.9120037096999802 
0.9128729966921917 
0.9137421696505873 
0.9146106092284122 
0.9154776960789115 
0.9163428108553302 
0.9172053342109139 
0.9180646467989068 
0.9189201292725543 
0.9197711622851015 
0.9206171264897934 
0.9214574025398752 
0.9222913710885916 
0.9231184127891882 
0.9239379082949095 
0.924749238259001 
0.9255517833347076 
0.9263449241752741 
0.9271280414339459 
0.9279005157639678 
0.9286617278185851 
0.9294110582510425 
0.9301478877145855 
0.930871596862459 
0.9315815663479078 
0.9322771768241771 
0.9329578089445121 
0.9336228433621578 
0.9342716607303589 
0.9349036417023608 
0.9355181669314087 
0.9361146170707473 
0.9366923727736219 
0.9372508146932775 
0.937789323482959 
0.9383072797959113 
0.9388040642853801 
0.93927905760461 
0.9397316645556951 
0.9401619513800301 
0.9405707106382509 
0.9409587720514573 
0.941326965340748 
0.9416761202272234 
0.9420070664319822 
0.9423206336761245 
0.9426176516807494 
0.9428989501669564 
0.9431653588558448 
0.9434177074685148 
0.943656825726065 
0.9438835433495952 
0.9440986900602047 
0.9443030955789936 
0.9444975896270609 
0.9446830019255059 
0.944860162195428 
0.9450299001579273 
0.9451930455341028 
0.9453504280450543 
0.9455028774118805 
0.9456512233556816 
0.945796295597557 
0.945938923858606 
0.9460799378599279 
0.9462201673226227 
0.9463604419677895 
0.9465015915165275 
0.9466444456899363 
0.9467898342091161 
0.9469385867951655 
0.9470915331691844 
0.9472495030522721 
0.947413326165528 
0.9475838322300519 
0.9477618509669428 
0.9479482120973004 
0.9481437453422242 
0.9483492804228139 
0.9485656470601684 
0.9487936749753878 
0.949034193889571 
0.9492880335238177 
0.9495560235992273 
0.9498389938368997 
0.950137773957934 
0.9504531936834296 
0.950786082734486 
0.9511372708322027 
0.9515075876976791 
0.951897863052015 
0.9523089266163093 
0.952741608111662 
0.9531967372591724 
0.9536751437799397 
0.9541776573950639 
0.9547051078256441 
0.9552583247927798 
0.9558381380175704 
0.9564453772211156 
0.9570808721245148 
0.9577454524488671 
0.9584399479152726 
0.9591651882448304 
0.9599220031586397 
0.9607112223778005 
0.9615336756234122 
0.9623901926165738 
0.9632816030783852 
0.9642087358365408 
0.9651718806342954 
0.966169875639505 
0.9672013171758821 
0.9682648015671383 
0.9693589251369853 
0.9704822842091354 
0.9716334751073005 
0.9728110941551923 
0.9740137376765227 
0.9752400019950039 
0.9764884834343476 
0.9777577783182656 
0.9790464829704704 
0.9803531937146732 
0.981676506874586 
0.9830150187739214 
0.9843673257363906 
0.9857320240857056 
0.9871077101455789 
0.9884929802397218 
0.9898864306918462 
0.991286657825664 
0.992692257964888 
0.9941018274332293 
0.9955139625543998 
0.9969272596521117 
0.998340315050077 
0.999751725072007 
1.0011600860416143 
1.0025639942826106 
1.0039620461187078 
1.0053528378736176 
1.0067349658710523 
1.0081070264347236 
1.0094676158883433 
1.0108153305556236 
1.0121487667602764 
1.0134665208260134 
1.0147671890765464 
1.0160493678355877 
1.0173116534268491 
1.0185526421740425 
1.0197709304008795 
1.0209651144310727 
1.0221337905883336 
1.0232755551963741 
1.024389004578906 
1.0254727350596415 
1.026525342962292 
1.0275454246105702 
1.0285315763281875 
1.0294823944388563 
1.0303964752662875 
1.031272415134194 
1.0321088103662872 
1.0329042572862792 
1.0336573522178822 
1.034366691484808 
1.0350308714107677 
1.0356484883194743 
1.0362181385346392 
1.0367384183799746 
1.037207924179192 
1.0376252522560034 
1.0379889989341213 
1.038297760537257 
1.0385501333891223 
1.0387447138134298 
1.0388800981338906 
1.0389548826742174 
1.0389676637581216 
1.0389173357765198 
1.0388049705027782 
1.0386326057219675 
1.0384022835676852 
1.0381160461735275 
1.0377759356730911 
1.037383994199974 
1.036942263887772 
1.0364527868700826 
1.0359176052805026 
1.0353387612526284 
1.0347182969200575 
1.0340582544163865 
1.0333606758752125 
1.0326276034301325 
1.0318610792147427 
1.0310631453626409 
1.0302358440074235 
1.0293812172826873 
1.02850130732203 
1.0275981562590475 
1.0266738062273368 
1.0257302993604953 
1.0247696777921198 
1.023793983655807 
1.022805259085154 
1.0218055462137576 
1.0207968871752147 
1.0197813241031222 
1.0187608991310773 
1.017737654392676 
1.016713632021516 
1.015690874151194 
1.0146714229153069 
1.0136573204474517 
1.012650608881225 
1.011653330350224 
1.0106675269880456 
1.0096952409282867 
1.008738514304544 
1.0077993892504142 
1.0068799078994948 
1.005982112385382 
1.0051080448416734 
1.0042597474019654 
1.0034392621998556 
1.00264863136894 
1.0018898970428156 
1.0011651013550804 
1.0004762864393297 
0.9998254944291616 
0.9992147674581726 
0.9986461476599593 
0.9981216771681193 
0.9976433981162488 
0.9972133526379447 
0.9968335828668047 
0.9965061309364251 
0.9962330389804027 
0.9960163491323347 
0.9958581035258178 
0.9957603442944488 
0.9957251135718255 
0.9957544534915436 
0.9958504061872004 
0.9960150137923929 
0.9962503184407181 
0.9965583622657728 
0.9969411874011538 
0.997400835980458 
0.9979393501372826 
0.9985586218179592 
0.9992566152513773 
1.0000270844208619 
1.0008635765313667 
1.001759638787846 
1.0027088183952537 
1.0037046625585453 
1.0047407184826735 
1.0058105333725935 
1.006907654433259 
1.0080256288696243 
1.0091580038866441 
1.0102983266892716 
1.011440144482462 
1.012577004471169 
1.0137024538603474 
1.0148100398549504 
1.0158933096599334 
1.0169458104802491 
1.0179610895208533 
1.0189328242290006 
1.0198580981660426 
1.0207376460156345 
1.0215723817795042 
1.0223632194593797 
1.0231110730569892 
1.0238168565740609 
1.024481484012323 
1.0251058693735033 
1.0256909266593301 
1.0262375698715314 
1.026746713011835 
1.0272192700819696 
1.0276561550836627 
1.0280582820186426 
1.028426564888638 
1.0287619176953762 
1.0290652544405856 
1.029337489125994 
1.02957953575333 
1.0297923083243212 
1.029976720840696 
1.0301336873041826 
1.030264121716509 
1.030368938079403 
1.030449050394593 
1.0305053726638067 
1.0305388188887732 
1.030550303071219 
1.0305407392128738 
1.0305110413154646 
1.0304621233807203 
1.0303948994103682 
1.0303102834061366 
1.030209189369754 
1.030092531302948 
1.0299612232074473 
1.0298161790849798 
1.0296583129372727 
1.0294885387660553 
1.0293077705730551 
1.0291169223600007 
1.0289169081286194 
1.0287086418806397 
1.0284930376177897 
1.0282710093417975 
1.0280434710543913 
1.027811336757299 
1.0275755204522488 
1.0273369361409685 
1.0270964978251869 
1.0268551195066313 
1.0266137151870305 
1.026373198868112 
1.026134484551604 
1.0258984862392349 
1.0256661179327324 
1.0254382936338253 
1.0252159273442407 
1.0249999330657074 
1.024791224799953 
1.0245907165487063 
1.024399322313695 
1.024217956096647 
1.0240475318992905 
1.0238889637233535 
1.0237431655705649 
1.0236110514426517 
1.0234935353413426 
1.0233915312683652 
1.0233059532254485 
1.0232377146087541 
1.0231874226954483 
1.023154882114626 
1.0231397675411562 
1.0231417536499101 
1.0231605151157557 
1.0231957266135634 
1.0232470628182027 
1.0233141984045429 
1.023396808047454 
1.0234945664218051 
1.0236071482024662 
1.023734228064307 
1.0238754806821968 
1.0240305807310048 
1.0241992028856017 
1.0243810218208564 
1.0245757122116381 
1.0247829487328175 
1.0250024060592626 
1.025233758865845 
1.0254766818274326 
1.0257308496188955 
1.0259959369151037 
1.0262716183909264 
1.0265575687212336 
1.0268534625808943 
1.027158974644778 
1.0274737795877555 
1.0277975520846951 
1.0281299668104669 
1.0284706984399408 
1.0288194216479856 
1.0291758111094715 
1.029539541499268 
1.0299102874922446 
1.0302877237632706 
1.0306715249872163 
1.0310613658389507 
1.0314569209933442 
1.0318578651252654 
1.032263872909584 
1.0326746190211704 
1.0330897781348933 
1.033509024925623 
1.0339320340682283 
1.0343584802375798 
1.0347880381085464 
1.0352203823559976 
1.0356551876548032 
1.0360921286798332 
1.036530880105957 
1.0369711166080438 
1.0374125128609633 
1.0378547435395853 
1.0382974833187792 
1.0387404068734147 
1.0391831888783611 
1.039625504008489 
1.0400670269386671 
1.0405074323437649 
1.0409463948986524 
1.041383589278199 
1.0418186901572744 
1.0422513722107483 
1.0426813101134902 
1.043108178540369 
1.0435316521662554 
1.0439514056660186 
1.044367113714528 
1.0447784509866533 
1.045185092157264 
1.0455867372000576 
1.0459832655268377 
1.0463746341170543 
1.0467608002588213 
1.0471417212402547 
1.0475173543494696 
1.0478876568745819 
1.0482525861037055 
1.048612099324957 
1.0489661538264512 
1.0493147068963034 
1.0496577158226281 
1.0499951378935417 
1.0503269303971592 
1.0506530506215954 
1.0509734558549662 
1.051288103385386 
1.0515969505009715 
1.0518999544898364 
1.0521970726400967 
1.052488262239868 
1.0527734805772646 
1.053052684940403 
1.0533258326173973 
1.0535928808963635 
1.0538537870654165 
1.054108508412672 
1.054357002226245 
1.0545992257942507 
1.0548351364048043 
1.0550646913460213 
1.0552878479060166 
1.0555045633729065 
1.055714795034805 
1.0559185001798284 
1.0561156360960906 
1.0563061600717085 
1.056490029394796 
1.0566672013534695 
1.0568376332358431 
1.0570012823300334 
1.0571581059241548 
1.0573080613063226 
1.0574511057646518 
1.057587196587259 
1.057716291062258 
1.0578383464777648 
1.0579533201218942 
1.0580611692827622 
1.0581618512484832 
1.0582553233071734 
1.0583415427469471 
1.0584204668559203 
1.0584920529222077 
1.0585562582339256 
1.0586130400791878 
1.0586623557461108 
1.058704162522809 
1.0587384176973984 
1.0587650785579936 
1.0587841023927105 
1.0587954464896638 
1.0587990681369694 
1.0587949246227417 
1.058782973235097 
1.05876317126215 
1.058735475992016 
1.0586998447128098 
1.0586562347126476 
1.0586046032796441 
1.0585449077019147 
1.0584771052675745 
1.0584011532647393 
1.0583170089815237 
1.0582246297060434 
1.0581239727264133 
1.0580149953307492 
1.0578976548071661 
1.057771908443779 
1.0576377135287038 
1.0574950273500552 
1.0573438071959484 
1.0571840103544994 
1.0570155941138224 
1.0568385157620337 
1.0566527325872481 
1.056458201877581 
1.0562548809211472 
1.0560427270060628 
1.0558216974204422 
1.0555917494524012 
1.0553528403900552 
1.0551049275215192 
1.054847968134908 
1.054581919518338 
1.0543067389599232 
1.0540223837477802 
1.053728811170023 
1.0534259785147677 
1.0531138430701292 
1.052792362124223 
1.0524614929651641 
1.052121192881068 
1.0517714191600498 
1.051412129090225 
1.0510432799597087 
1.0506648290566163 
1.0502767336690624 
1.0498789510851636 
1.0494714385930342 
1.0490541534807893 
1.0486270530365447 
1.0481900945484157 
1.0477432353045175 
1.047286432592965 
1.0468196437018735 
1.046342825919359 
1.045855936533536 
1.0453589328325201 
1.0448517721044264 
1.04433441163737 
1.043806808719467 
1.0432689210641288 
1.0427208887052395 
1.0421633172294178 
1.0415968854631688 
1.041022272232996 
1.040440156365405 
1.0398512166869003 
1.0392561320239857 
1.0386555812031657 
1.038050243050945 
1.0374407963938277 
1.036827920058319 
1.0362122928709225 
1.0355945936581428 
1.034975501246485 
1.0343556944624532 
1.0337358521325517 
1.0331166530832845 
1.0324987761411573 
1.0318829001326735 
1.031269703884338 
1.0306598662226547 
1.0300540659741289 
1.0294529819652642 
1.0288572930225661 
1.0282676779725384 
1.0276848156416851 
1.0271093848565116 
1.0265420644435217 
1.0259835332292202 
1.0254344700401112 
1.0248955537026998 
1.0243674630434896 
1.0238508768889856 
1.0233464740656921 
1.0228549334001134 
1.0223769337187547 
1.0219131538481196 
1.0214642726147127 
1.021030968845039 
1.0206139213656023 
1.0202138090029071 
1.0198313105834582 
1.01946710493376 
1.0191218708803165 
1.018796287249633 
1.0184910328682135 
1.018206786562562 
1.0179442271591834 
1.0177040334845824 
1.017486884365263 
1.0172934586277298 
1.0171244350984874 
1.0169804926040402 
1.0168623099708922 
1.0167705660255486 
1.0167059395945135 
1.0166691095042915 
1.0166607545813866 
1.0166815536523037 
1.0167321855435472 
1.0168133290816215 
1.0169256630930303 
1.0170698664042797 
1.0172466178418729 
1.0174565962323145 
1.0177004804021093 
1.0179789491777618 
1.018292681385776 
1.0186423558526565 
1.019028651404908 
1.0194522468690344 
1.0199136218028697 
1.0204118832343811 
1.0209455601479251 
1.0215131795086465 
1.0221132682816916 
1.0227443534322058 
1.0234049619253358 
1.0240936207262268 
1.0248088568000244 
1.0255491971118749 
1.0263131686269236 
1.0270992983103167 
1.0279061131272 
1.0287321400427194 
1.02957590602202 
1.0304359380302486 
1.0313107630325502 
1.0321989079940712 
1.033098899879957 
1.0340092656553537 
1.034928532285407 
1.035855226735263 
1.0367878759700666 
1.0377250069549646 
1.0386651466551022 
1.0396068220356256 
1.0405485600616804 
1.0414888876984123 
1.0424263319109675 
1.0433594196644915 
1.04428667792413 
1.0452066336550292 
1.0461178138223348 
1.047018745391192 
1.0479079553267476 
1.048783970594147 
1.0496453181585355 
1.0504905249850598 
1.051318118038865 
1.0521266242850973 
1.052914570688902 
1.0536804842154257 
1.0544228918298137 
1.0551403204972123 
1.0558312971827664 
1.0564943488516223 
1.0571280024689265 
1.0577307849998232 
1.0583012234094598 
1.058837844662981 
1.0593391757255333 
1.0598037435622625 
1.060230075138314 
1.0606166974188338 
1.060962137368968 
1.0612649219538617 
1.0615235781386614 
1.0617366328885125 
1.061902613168561 
1.0620200459439528 
1.0620874581798336 
1.0621033768413488 
1.062066328893645 
1.0619748413018673 
1.0618274410311621 
1.0616226550466747 
1.0613590103135513 
1.0610350337969374 
1.060649252461979 
1.0602001932738219 
1.0596863831976118 
1.0591064496103204 
1.0584614202508449 
1.0577547748272815 
1.05699010378247 
1.0561709975592513 
1.0553010466004646 
1.054383841348951 
1.0534229722475508 
1.052422029739104 
1.051384604266451 
1.0503142862724317 
1.0492146661998871 
1.0480893344916564 
1.0469418815905809 
1.0457758979395004 
1.044594973981255 
1.0434027001586854 
1.0422026669146314 
1.0409984646919341 
1.0397936839334323 
1.0385919150819674 
1.0373967485803794 
1.036211774871509 
1.0350405843981954 
1.0338867676032797 
1.032753914929602 
1.0316456168200023 
1.0305654637173214 
1.029517046064399 
1.028503954304076 
1.0275297788791917 
1.0265981102325874 
1.0257125388071024 
1.0248764410608329 
1.0240906380141859 
1.0233542692103372 
1.0226664446563059 
1.022026274359113 
1.0214328683257783 
1.0208853365633224 
1.0203827890787645 
1.019924335879126 
1.0195090869714256 
1.0191361523626843 
1.0188046420599226 
1.0185136660701597 
1.0182623344004165 
1.018049757057713 
1.0178750440490687 
1.0177373053815046 
1.0176356510620403 
1.017569191097696 
1.017537035495492 
1.0175382942624485 
1.0175720774055856 
1.0176374949319233 
1.0177336568484816 
1.0178596731622809 
1.0180146538803412 
1.018197709009683 
1.0184079485573263 
1.0186444825302903 
1.0189064209355965 
1.0191928737802645 
1.0195029510713145 
1.0198357628157664 
1.0201904190206403 
1.0205660296929568 
1.0209617048397357 
1.0213765544679974 
1.0218096885847616 
1.022260217197049 
1.022727250311879 
1.0232098979362725 
1.0237072700772494 
1.0242184767418294 
1.0247426279370333 
1.0252788336698808 
1.0258262039473922 
1.0263838487765877 
1.0269508781644874 
1.0275264021181112 
1.0281095306444796 
1.0286993737506123 
1.0292950414435302 
1.0298956437302527 
1.0305002906178 
1.0311080921131925 
1.0317181582234505 
1.032329598955594 
1.0329415243166429 
1.0335530443136172 
1.0341632689535378 
1.0347713082434242 
1.0353762721902968 
1.0359772708011754 
1.0365734140830805 
1.0371638120430322 
1.0377475746880507 
1.038323812025156 
1.0388916340613679 
1.039450150803707 
1.0399984722591935 
1.0405357084348474 
1.0410609757910678 
1.0415737902742266 
1.0420742942020222 
1.042562684620137 
1.043039158574253 
1.0435039131100532 
1.0439571452732197 
1.044399052109435 
1.0448298306643813 
1.045249677983741 
1.0456587911131972 
1.0460573670984312 
1.0464456029851268 
1.046823695818965 
1.0471918426456286 
1.0475502405108004 
1.047899086460163 
1.0482385775393979 
1.0485689107941885 
1.0488902832702167 
1.0492028920131646 
1.049506934068715 
1.0498026064825505 
1.0500901063003536 
1.0503696305678059 
1.0506413763305908 
1.0509055406343892 
1.0511623205248855 
1.0514119130477606 
1.0516545152486974 
1.0518903241733788 
1.0521195368674865 
1.052342350376703 
1.0525589617467113 
1.052769568023193 
1.052974366251831 
1.0531735534783073 
1.0533673267483048 
1.053555883107506 
1.0537394196015926 
1.0539181332762473 
1.054092221177153 
1.0542618803499917 
1.054427307840446 
1.0545887006941976 
1.0547462559569298 
1.0549001706743248 
1.0550506418920647 
1.0551978666558322 
1.0553420420113095 
1.055483365004179 
1.0556220326801233 
1.0557582420848248 
1.055892190263966 
1.0560240742632288 
1.056154091128296 
1.05628243790485 
1.056409311638573 
1.0565349093751477 
1.0566594281602566 
1.0567830650395817 
1.0569060170588056 
1.0570284812636106 
1.0571506546996794 
1.057272734412694 
1.0573949174483372 
1.0575174008522912 
1.0576403816702382 
1.057764056947861 
1.057888623730842 
1.0580142790648632 
1.0581412199956075 
1.058269643568757 
1.0583997468299942 
1.0585317268250016 
1.0586657805994613 
1.058802105199056 
1.058940897669468 
1.0590823550563795 
1.0592266744054737 
1.059374052762432 
1.0595246871729374 
1.0596787746826724 
1.0598365123373188 
1.0599980971825596 
1.0601637262640768 
1.060333596627553 
1.0605079053186708 
1.0606868493831123 
1.0608706258665597 
1.0610594318146964 
1.0612534642732034 
1.0614529202877645 
1.0616579969040612 
1.061868891167776 
1.0620858001245916 
1.0623089208201901 
1.0625384503002546 
1.0627745856104664 
1.063017523796509 
1.0632674619040636 
1.063524596978814 
1.0637891260664418 
1.0640612462126293 
1.0643411544630594 
1.0646290478634142 
1.064925123459376 
1.0652295782966275 
1.0655426094208509 
1.0658644138777285 
1.0661951805008514 
1.0665349101999433 
1.0668834164894747 
1.0672405047775484 
1.0676059804722657 
1.0679796489817284 
1.068361315714039 
1.0687507860772985 
1.0691478654796092 
1.069552359329073 
1.069964073033792 
1.070382812001868 
1.0708083816414025 
1.0712405873604978 
1.0716792345672554 
1.0721241286697776 
1.072575075076166 
1.0730318791945224 
1.0734943464329492 
1.0739622821995478 
1.0744354919024202 
1.074913780949668 
1.0753969547493938 
1.075884818709699 
1.076377178238685 
1.076873838744455 
1.07737460563511 
1.0778792843187517 
1.0783876802034826 
1.0788995986974037 
1.0794148452086179 
1.0799332251452265 
1.0804545439153317 
1.0809786069270346 
1.0815052195884383 
1.0820341873076438 
1.0825653154927535 
1.0830984095518685 
1.0836332748930915 
1.084169716924524 
1.0847075410542677 
1.0852465526904254 
1.0857865572410978 
1.0863273601143875 
1.0868687667183967 
1.087410582461226 
1.0879526127509782 
1.0884946629957553 
1.089036538603659 
1.0895780449827908 
1.090118987541253 
1.0906591716871472 
1.0911984028285757 
1.09173648637364 
1.0922732277304426 
1.0928084323070841 
1.0933419055116675 
1.0938734527522946 
1.0944028794370666 
1.0949299909740864 
1.095454592771455 
1.0959764902372748 
1.0964954887796472 
1.0970113938066746 
1.0975240107264583 
1.0980331449471008 
1.0985386018767036 
1.0990401869233688 
1.099537705495198 
1.1000309630002938 
1.100519764846757 
1.1010039166299834 
1.1014832835004562 
1.101957874882978 
1.1024277216219909 
1.1028928545619376 
1.1033533045472617 
1.1038091024224044 
1.10426027903181 
1.1047068652199197 
1.1051488918311771 
1.1055863897100247 
1.1060193897009052 
1.1064479226482609 
1.1068720193965351 
1.1072917107901699 
1.107707027673608 
1.1081180008912928 
1.108524661287666 
1.1089270397071713 
1.1093251669942503 
1.1097190739933467 
1.110108791548902 
1.1104943505053604 
1.110875781707163 
1.1112531159987535 
1.1116263842245744 
1.1119956172290684 
1.1123608458566778 
1.1127221009518455 
1.1130794133590138 
1.1134328139226264 
1.1137823334871253 
1.1141280028969531 
1.1144698526506476 
1.1148078932100993 
1.1151421043861716 
1.11547246339994 
1.1157989474724828 
1.1161215338248756 
1.1164401996781956 
1.1167549222535198 
1.117065678771925 
1.1173724464544879 
1.1176752025222854 
1.117973924196394 
1.1182685886978916 
1.1185591732478535 
1.1188456550673576 
1.11912801137748 
1.119406219399298 
1.1196802563538881 
1.1199500994623275 
1.120215725945693 
1.120477113025061 
1.1207342379215088 
1.1209870778561126 
1.1212356100499499 
1.121479811724097 
1.1217196600996306 
1.1219551323976287 
1.1221862058391667 
1.1224128576453218 
1.1226350650371715 
1.122852805235792 
1.12306605546226 
1.1232747929376528 
1.1234789948830468 
1.123678638519519 
1.1238737010681463 
1.124064159750005 
1.1242499917861726 
1.124431174397726 
1.1246076848057411 
1.124779500231296 
1.1249465978954662 
1.1251089550193294 
1.125266548823962 
1.125419356530441 
1.1255673553598429 
1.1257105225332456 
1.1258488352717242 
1.1259822707963572 
1.1261108063282201 
1.1262344190883902 
1.1263530862979447 
1.1264667851779602 
1.1265754929495133 
1.1266791868336807 
1.12677784405154 
1.126871441824167 
1.126959957372639 
1.127043367918033 
1.1271216506814257 
1.1271947828838935 
1.1272627417465138 
1.1273255044903634 
1.1273830483365184 
1.1274353505060564 
1.127482388220054 
1.1275241386995876 
1.1275605791657346 
1.1275916868395717 
1.1276174389421751 
1.1276378126946232 
1.127652785317991 
1.1276623340333558 
1.127666436061795 
1.1276650686243854 
1.127658208942203 
1.1276458342363251 
1.1276279217278289 
1.1276044486377907 
1.1275753921872875 
1.127540729597396 
1.1275004380891933 
1.127454494883756 
1.1274028772021611 
1.1273455622654847 
1.1272825272948046 
1.1272137495111976 
1.127139206135739 
1.127058874389508 
1.1269727314935796 
1.126880754669031 
1.1267829211369393 
1.1266792081183812 
1.1265695928344341 
1.126454052506173 
1.1263325643546769 
1.1262051056010218 
1.1260716534662838 
1.1259321851715405 
1.125786677937869 
1.1256351089863452 
1.1254774555380465 
1.1253136948140494 
1.1251438040354311 
1.1249677604232682 
1.1247855411986376 
1.124597123582616 
1.1244024847962804 
1.1242016020607073 
1.1239944525969736 
1.1237810121133924 
1.1235612231535348 
1.1233349959766685 
1.1231022395054227 
1.122862862662428 
1.1226167743703135 
1.1223638835517098 
1.1221040991292466 
1.1218373300255537 
1.1215634851632612 
1.121282473464999 
1.1209942038533967 
1.1206985852510847 
1.1203955265806926 
1.1200849367648498 
1.1197667247261878 
1.1194407993873348 
1.1191070696709218 
1.1187654444995776 
1.1184158327959335 
1.1180581434826184 
1.117692285482263 
1.1173181677174966 
1.1169356991109491 
1.1165447885852509 
1.1161453450630316 
1.1157372774669208 
1.115320494719549 
1.114894905743546 
1.1144604194615415 
1.1140169447961654 
1.1135643906700476 
1.1131026660058183 
1.1126316797261073 
1.1121513407535442 
1.1116615580107594 
1.1111622404203827 
1.1106532969050436 
1.1101346363873725 
1.1096061677899993 
1.1090678000355532 
1.1085194420466649 
1.1079610027459643 
1.107392391056081 
1.1068135158996448 
1.106224286199286 
1.1056246108776342 
1.1050143988573193 
1.1043935590609717 
1.103762000411221 
1.1031196318306964 
1.102466362242029 
1.1018021005678482 
1.101126755730784 
1.100440236653466 
1.0997424522585246 
1.0990333114685893 
1.0983127232062901 
1.0975805963942573 
1.0968368399551203 
1.0960813628115094 
1.095314073886054 
1.0945348821013843 
1.0937436963801308 
1.0929404256449224 
1.0921249788183898 
1.0912972648231625 
1.0904571925818707 
1.0896046710171439 
1.088739609051612 
1.0878619156079057 
1.0869715005466956 
1.0860685340306784 
1.0851538005295778 
1.0842281730922767 
1.0832925247676597 
1.0823477286046108 
1.0813946576520135 
1.080434184958752 
1.07946718357371 
1.0784945265457715 
1.0775170869238202 
1.0765357377567402 
1.0755513520934152 
1.0745648029827297 
1.0735769634735668 
1.0725887066148112 
1.0716009054553461 
1.0706144330440555 
1.069630162429824 
1.0686489666615342 
1.0676717187880718 
1.066699291858319 
1.0657325589211606 
1.06477239302548 
1.0638196672201614 
1.0628752545540887 
1.0619400280761457 
1.0610148608352163 
1.060100625880185 
1.0591981962599348 
1.0583084450233502 
1.0574322452193146 
1.0565704698967122 
1.055723992104427 
1.0548936848913426 
1.054080421306343 
1.0532850743983126 
1.0525085172161346 
1.0517516228086932 
1.0510152642248722 
1.0503003145135557 
1.0496076467236273 
1.0489381339039712 
1.0482926491034712 
1.0476720653710112 
1.0470772557554746 
1.0465090933057462 
1.0459684510707095 
1.0454562020992482 
1.0449732194402466 
1.044520376142588 
1.044098545255157 
1.0437085998268367 
1.043351412906512 
1.043027857543066 
1.0427388067853829 
1.0424851336823466 
1.0422677112828411 
1.04208741263575 
1.0419451107899573 
1.0418416787943472 
1.041777989697803 
1.0417549165492093 
1.0417733323974496 
1.0418341102914082 
1.041938123279968 
1.0420862444120138 
1.0422793467364293 
1.0425183033020984 
1.042803987157905 
1.043137271352733 
1.043519028935466 
1.0439499310931584 
1.0444293744832525 
1.0449562597071793 
1.045529486251859 
1.0461479536042129 
1.046810561251162 
1.047516208679627 
1.0482637953765288 
1.049052220828788 
1.049880384523326 
1.0507471859470636 
1.0516515245869211 
1.0525922999298198 
1.053568411462681 
1.054578758672425 
1.0556222410459728 
1.0566977580702455 
1.0578042092321636 
1.0589404940186478 
1.06010551191662 
1.0612981624130005 
1.0625173449947098 
1.0637619591486691 
1.0650309043617996 
1.0663230801210217 
1.0676373859132566 
1.068972721225425 
1.0703279855444476 
1.0717020783572457 
1.07309389915074 
1.0745023474118516 
1.0759263226275009 
1.0773647242846092 
1.0788164518700971 
1.0802804048708858 
1.0817554827738955 
1.083240585066048 
1.0847346112342637 
1.0862364607654635 
1.0877450331465683 
1.0892592278644992 
1.090777944406177 
1.092300082258522 
1.0938245409084557 
1.095350219842899 
1.0968760185487725 
1.0984008365129974 
1.0999235732224943 
1.1014431281641843 
1.102958400824988 
1.1044682906918264 
1.1059716972516205 
1.107467519991291 
1.1089546583977588 
1.1104320119579454 
1.1118984801587704 
1.1133529624871559 
1.1147943584300222 
1.1162215674742901 
1.1176334891068809 
1.119029022814715 
1.120407068084714 
1.121766524403798 
1.1231062912588885 
1.1244252681369058 
1.1257223545247712 
1.1269964499094056 
1.1282464537777297 
1.1294712656166643 
1.1306697849131302 
1.1318409111540488 
1.1329835816216478 
1.1340975280111805 
1.1351832369321941 
1.1362412248833529 
1.1372720083633223 
1.1382761038707672 
1.1392540279043517 
1.1402062969627413 
1.141133427544601 
1.1420359361485948 
1.1429143392733887 
1.1437691534176466 
1.144600895080034 
1.1454100807592156 
1.1461972269538558 
1.1469628501626203 
1.1477074668841736 
1.1484315936171803 
1.1491357468603056 
1.149820443112214 
1.1504861988715713 
1.1511335306370412 
1.151762954907289 
1.1523749881809797 
1.1529701469567784 
1.1535489477333492 
1.154111907009358 
1.1546595412834688 
1.1551923670543465 
1.1557109008206563 
1.156215659081063 
1.1567071583342319 
1.1571859150788273 
1.1576524458135142 
1.1581072670369574 
1.1585508952478218 
1.1589838469447724 
1.1594066386264739 
1.1598197867915916 
1.1602238079387897 
1.1606192185667332 
1.1610065351740877 
1.1613862742595171 
1.1617589523216871 
1.1621250858592616 
1.1624851913709062 
1.1628397853552856 
1.163189384311065 
1.1635345047369086 
1.163875663131482 
1.1642133759934492 
1.1645481598214755 
1.164880531114226 
1.1652110063703658 
1.165540102088559 
1.1658683347674708 
1.1661962209057661 
1.1665242770021096 
1.166853019555166 
1.167182965063601 
1.167514630026079 
1.1678485309412645 
1.168185184307823 
1.1685251066244189 
1.168868814389717 
1.169216824102383 
1.1695696522610806 
1.1699278153644754 
1.1702918299112322 
1.1706622124000154 
1.171039479329491 
1.1714241462403994 
1.1718164949315761 
1.1722162697642327 
1.1726231398462845 
1.1730367742856471 
1.173456842190237 
1.173883012667968 
1.1743149548267569 
1.1747523377745188 
1.1751948306191697 
1.1756421024686248 
1.1760938224308 
1.1765496596136102 
1.1770092831249712 
1.177472362072799 
1.1779385655650088 
1.1784075627095163 
1.178879022614237 
1.1793526143870867 
1.1798280071359808 
1.1803048699688343 
1.180782871993564 
1.1812616823180841 
1.1817409700503108 
1.1822204042981599 
1.1826996541695467 
1.1831783887723868 
1.1836562772145955 
1.1841329886040886 
1.1846081920487819 
1.1850815566565909 
1.1855527515354303 
1.1860214457932168 
1.1864873085378658 
1.186950008877292 
1.1874092159194118 
1.1878645987721403 
1.1883158265433937 
1.188762568341087 
1.1892044932731356 
1.1896412704474557 
1.1900725689719622 
1.1904980579545705 
1.1909174065031976 
1.1913302837257576 
1.1917363587301666 
1.1921353095503153 
1.1925269979726545 
1.1929114583085356 
1.1932887315469558 
1.1936588586769117 
1.1940218806874003 
1.1943778385674177 
1.1947267733059617 
1.1950687258920285 
1.1954037373146145 
1.1957318485627173 
1.196053100625333 
1.1963675344914588 
1.1966751911500912 
1.1969761115902278 
1.197270336800864 
1.1975579077709975 
1.197838865489625 
1.1981132509457433 
1.1983811051283488 
1.1986424690264383 
1.1988973836290089 
1.1991458899250578 
1.199388028903581 
1.1996238415535758 
1.199853368864038 
1.2000766518239656 
1.2002937314223547 
1.2005046486482025 
1.2007094444905055 
1.2009081599382607 
1.2011008359804645 
1.201287513606114 
1.201468233804206 
1.2016430375637366 
1.2018119658737039 
1.2019750597231031 
1.2021323601009326 
1.2022839079961882 
1.2024297443978669 
1.2025699102949654 
1.2027044466764802 
1.2028333945314085 
1.2029567948487472 
1.203074688617493 
1.2031871168266421 
1.203294120984435 
1.2033957457847213 
1.2034920371287803 
1.2035830409201853 
1.2036688030625091 
1.2037493694593266 
1.2038247860142093 
1.2038950986307315 
1.2039603532124656 
1.2040205956629855 
1.2040758718858646 
1.2041262277846758 
1.2041717092629924 
1.2042123622243877 
1.2042482325724355 
1.2042793662107076 
1.2043058090427787 
1.2043276069722222 
1.20434480590261 
1.2043574517375168 
1.2043655903805146 
1.2043692677351778 
1.2043685297050788 
1.2043634221937916 
1.2043539911048884 
1.204340282341944 
1.2043223418085305 
1.2043002154082216 
1.2042739490445904 
1.2042435886212102 
1.2042091800416543 
1.204170769209496 
1.204128402028309 
1.2040821244016655 
1.2040319822331398 
1.2039780214263047 
1.2039202878847333 
1.2038588275119997 
1.2037936862116758 
1.2037249098873362 
1.2036525444425534 
1.203576635780901 
1.203497229805952 
1.2034143724212798 
1.203328109530458 
1.2032384870370592 
1.2031455508446571 
1.203049346856825 
1.2029499209771364 
1.2028473191091638 
1.2027415871564813 
1.2026327710226614 
1.202520916611278 
1.202406069825904 
1.2022882765701126 
1.2021675827474771 
1.202044034261572 
1.2019176770159685 
1.2017885569142412 
1.201656719859963 
1.201522211756707 
1.2013850785080469 
1.2012453660175557 
1.2011031201888067 
1.200958386925373 
1.2008112121308285 
1.2006616417087457 
1.2005097215626983 
1.2003554975962591 
1.2001990157130022 
1.2000403218165006 
1.1998794618103268 
1.1997164815980546 
1.1995514270832581 
1.1993843441695091 
1.1992152787603814 
1.1990442767594491 
1.1988713840702843 
1.1986966465964606 
1.1985201102415517 
1.1983418209091306 
1.1981618245027708 
1.197980166926045 
1.197796894082527 
1.1976120518757896 
1.1974256862094064 
1.1972378429869508 
1.197048568111996 
1.1968579074881147 
1.196665907018881 
1.1964726126078675 
1.1962780701586482 
1.1960823255747952 
1.1958854247598831 
1.1956874136174844 
1.1954883380511727 
1.195288243964521 
1.1950871772611025 
1.1948851838444907 
1.1946823096182588 
1.1944786004859804 
1.1942741023512282 
1.1940688611175756 
1.1938629226885962 
1.1936563329678629 
1.1934491378589496 
1.1932413832654283 
1.1930331150908735 
1.192824379238858 
1.1926152216129553 
1.1924056881167384 
1.1921958246537805 
1.1919856771276551 
1.1917752914419353 
1.1915647135001946 
1.191353989206006 
1.1911431644629429 
1.1909322851745787 
1.1907213972444863 
1.1905105465762393 
1.1902997790734111 
1.1900891406395744 
1.189878677434231 
1.1896684909059942 
1.189458806371693 
1.1892498659878048 
1.1890419119108058 
1.1888351862971742 
1.1886299313033861 
1.1884263890859195 
1.188224801801251 
1.1880254116058577 
1.1878284606562175 
1.1876341911088062 
1.1874428451201025 
1.1872546648465823 
1.187069892444723 
1.186888770071002 
1.1867115398818966 
1.186538444033883 
1.1863697246834393 
1.1862056239870418 
1.1860463841011684 
1.1858922471822961 
1.185743455386902 
1.1856002508714627 
1.1854628757924555 
1.1853315723063584 
1.1852065825696472 
1.1850881487387999 
1.1849765129702932 
1.1848719174206048 
1.1847746042462113 
1.1846848156035898 
1.1846027936492178 
1.1845287805395721 
1.1844630184311298 
1.1844057494803681 
1.184357215843765 
1.1843176596777962 
1.1842873231389395 
1.184266448383672 
1.1842552775684712 
1.1842540528498136 
1.1842630163841763 
1.1842824103280365 
1.1843124768378723 
1.1843534580701596 
1.184405596181376 
1.1844691333279986 
1.1845443116665046 
1.184631373353371 
1.184730560545075 
1.1848421153980935 
1.184966280068904 
1.1851032967139838 
1.1852534074898091 
1.1854168545528578 
1.1855938800596069 
1.1857847261665335 
1.185989635030115 
1.1862088488068274 
1.1864426096531497 
1.186691159725557 
1.186954741180528 
1.1872335961745388 
1.1875279668640673 
1.18783809540559 
1.1881642239555843 
1.1885065946705273 
1.1888654497068964 
1.1892410312211685 
1.189633581369821 
1.19004334230933 
1.1904704295608397 
1.1909142036240588 
1.1913737463423184 
1.1918481391167317 
1.1923364633484117 
1.1928378004384705 
1.1933512317880222 
1.1938758387981792 
1.194410702870054 
1.1949549054047601 
1.19550752780341 
1.1960676514671167 
1.1966343577969931 
1.1972067281941523 
1.1977838440597077 
1.1983647867947707 
1.1989486378004557 
1.1995344784778743 
1.2001213902281407 
1.2007084544523672 
1.2012947525516668 
1.2018793659271523 
1.202461375979937 
1.2030398641111328 
1.2036139117218538 
1.2041826002132126 
1.2047450109863214 
1.2053002254422942 
1.2058473249822428 
1.2063853910072808 
1.2069135049185211 
1.2074307481170767 
1.207936202011051 
1.2084291185917222 
1.20890936296304 
1.2093769379258137 
1.2098318462808522 
1.210274090828965 
1.210703674370962 
1.211120599707652 
1.2115248696398444 
1.2119164869683485 
1.212295454493974 
1.2126617750175301 
1.2130154513398264 
1.2133564862616717 
1.2136848825838762 
1.2140006431072485 
1.214303770632598 
1.2145942679607349 
1.2148721378924676 
1.2151373832286059 
1.2153900067699597 
1.2156300113173375 
1.2158573996715487 
1.2160721746334033 
1.21627433900371 
1.216463895583279 
1.2166408471729186 
1.2168051965734397 
1.21695694658565 
1.2170961000103595 
1.217222659648378 
1.2173366283005143 
1.217438008767578 
1.2175268038503788 
1.2176030163497253 
1.2176666490664274 
1.2177177048012944 
1.2177561863551358 
1.2177820965287607 
1.2177954381229787 
1.2177962139385987 
1.2177844267764313 
1.217760079437284 
1.2177231747219677 
1.217673715431291 
1.2176117043660637 
1.2175371443270948 
1.217450038115194 
1.2173503885311707 
1.217238198375834 
1.2171134704499929 
1.2169762075544577 
1.2168264124900374 
1.2166640880575403 
1.2164892370577778 
1.2163018622915578 
1.2161019665596904 
1.2158895526629843 
1.2156646234022495 
1.2154271815782949 
1.2151772299919301 
1.2149147714439643 
1.214639808735207 
1.2143523446664677 
1.2140523820385558 
1.2137399236522803 
1.2134149723084506 
1.2130775308078767 
1.212727601951367 
1.212365188539732 
1.21199029337378 
1.2116029192543212 
1.2112030689821645 
1.2107907453581188 
1.2103659511829945 
1.2099286892576007 
1.2094789623827464 
1.2090167733592412 
1.2085421249878943 
1.2080550200695155 
1.2075554614049135 
1.207043451794898 
1.2065189940402785 
1.2059820909418646 
1.205432745300465 
1.2048709599168896 
1.2042967375919473 
1.203710081126448 
1.203110993321201 
1.2024994769770152 
1.2018755348947001 
1.2012391698750657 
1.2005903847189205 
1.1999291822270743 
1.1992555652003367 
1.1985695364395168 
1.197871098745424 
1.1971602549188676 
1.1964370077606568 
1.1957013600716013 
1.1949533146525102 
1.1941928743041936 
1.1934200418274599 
1.192634820023119 
1.19183721169198 
1.1910272196348524 
1.190204846652546 
1.189370095545869 
1.1885229691156323 
1.187663470162644 
1.1867916026548417 
1.185907595176068 
1.1850121666917035 
1.184106100881836 
1.1831901814265557 
1.1822651920059506 
1.1813319163001095 
1.180391137989122 
1.1794436407530764 
1.1784902082720619 
1.1775316242261669 
1.1765686722954813 
1.175602136160093 
1.174632799500091 
1.1736614459955648 
1.172688859326603 
1.171715823173294 
1.1707431212157275 
1.1697715371339918 
1.168801854608176 
1.1678348573183692 
1.16687132894466 
1.1659120531671372 
1.1649578136658898 
1.164009394121007 
1.1630675782125772 
1.16213314962069 
1.1612068920254333 
1.1602895891068967 
1.1593820245451687 
1.1584849820203387 
1.157599245212495 
1.1567255978017268 
1.155864823468123 
1.1550177058917728 
1.1541850287527644 
